0.000000000000000000e+00 0.000000000000000000e+00
0.000000000000000000e+00 0.000000000000000000e+00
0.000000000000000000e+00 0.000000000000000000e+00
3.427782561630010605e-03 3.427782561630010605e-03
1.462476444430649281e-03 1.462476444430649281e-03
4.445821512490510941e-03 4.445821512490510941e-03
2.502312650904059410e-03 2.502312650904059410e-03
3.184375818818807602e-03 3.184375818818807602e-03
3.941222093999385834e-03 3.941222093999385834e-03
5.936820525676012039e-03 5.936820525676012039e-03
5.833080969750881195e-03 5.833080969750881195e-03
6.888761650770902634e-03 6.888761650770902634e-03
8.453785441815853119e-03 8.453785441815853119e-03
1.077286899089813232e-02 1.077286899089813232e-02
1.211116276681423187e-02 1.211116276681423187e-02
1.425021700561046600e-02 1.425021700561046600e-02
1.724300906062126160e-02 1.724300906062126160e-02
2.079584077000617981e-02 2.079584077000617981e-02
2.432003058493137360e-02 2.432003058493137360e-02
2.859735488891601562e-02 2.859735488891601562e-02
3.408578410744667053e-02 3.408578410744667053e-02
4.056641831994056702e-02 4.056641831994056702e-02
4.767780750989913940e-02 4.767780750989913940e-02
5.599758401513099670e-02 5.599758401513099670e-02
6.623733043670654297e-02 6.623733043670654297e-02
7.820080220699310303e-02 7.820080220699310303e-02
9.176382422447204590e-02 9.176382422447204590e-02
1.075612977147102356e-01 1.075612977147102356e-01
1.264671087265014648e-01 1.264671087265014648e-01
1.484278291463851929e-01 1.484278291463851929e-01
1.736195981502532959e-01 1.736195981502532959e-01
2.028813064098358154e-01 2.028813064098358154e-01
2.372969985008239746e-01 2.372969985008239746e-01
2.771190404891967773e-01 2.771190404891967773e-01
3.229361474514007568e-01 3.229361474514007568e-01
3.759568333625793457e-01 3.759568333625793457e-01
4.376307129859924316e-01 4.376307129859924316e-01
5.087310075759887695e-01 5.087310075759887695e-01
5.904507040977478027e-01 5.904507040977478027e-01
6.846092939376831055e-01 6.846092939376831055e-01
7.932893037796020508e-01 7.932893037796020508e-01
9.180853366851806641e-01 9.180853366851806641e-01
1.061110854148864746e+00 1.061110854148864746e+00
1.225149869918823242e+00 1.225149869918823242e+00
1.413329839706420898e+00 1.413329839706420898e+00
1.628505229949951172e+00 1.628505229949951172e+00
1.874180555343627930e+00 1.874180555343627930e+00
2.154639482498168945e+00 2.154639482498168945e+00
2.474640130996704102e+00 2.474640130996704102e+00
2.838937520980834961e+00 2.838937520980834961e+00
3.253111362457275391e+00 3.253111362457275391e+00
3.723705768585205078e+00 3.723705768585205078e+00
4.257943153381347656e+00 4.257943630218505859e+00
4.863368988037109375e+00 4.863368988037109375e+00
5.548604488372802734e+00 5.548604488372802734e+00
6.323500633239746094e+00 6.323500633239746094e+00
7.198881149291992188e+00 7.198882102966308594e+00
8.186289787292480469e+00 8.186289787292480469e+00
9.298698425292968750e+00 9.298696517944335938e+00
1.055064392089843750e+01 1.055064773559570312e+01
1.195806598663330078e+01 1.195806312561035156e+01
1.353807067871093750e+01 1.353807449340820312e+01
1.530967140197753906e+01 1.530965805053710938e+01
1.729384613037109375e+01 1.729386520385742188e+01
1.951357078552246094e+01 1.951356124877929688e+01
2.199343872070312500e+01 2.199344635009765625e+01
2.476059722900390625e+01 2.476059913635253906e+01
2.784463119506835938e+01 2.784462356567382812e+01
3.127776718139648438e+01 3.127777481079101562e+01
3.509436416625976562e+01 3.509436035156250000e+01
3.933232116699218750e+01 3.933231353759765625e+01
4.403176116943359375e+01 4.403174972534179688e+01
4.923752212524414062e+01 4.923752593994140625e+01
5.499515533447265625e+01 5.499516677856445312e+01
6.135704040527343750e+01 6.135704803466796875e+01
6.837559509277343750e+01 6.837560272216796875e+01
7.611084747314453125e+01 7.611081695556640625e+01
8.462304687500000000e+01 8.462306213378906250e+01
9.397902679443359375e+01 9.397904968261718750e+01
1.042491531372070312e+02 1.042491149902343750e+02
1.155073699951171875e+02 1.155073776245117188e+02
1.278330078125000000e+02 1.278330078125000000e+02
1.413090820312500000e+02 1.413091735839843750e+02
1.560234375000000000e+02 1.560232849121093750e+02
1.720681457519531250e+02 1.720682373046875000e+02
1.895399169921875000e+02 1.895399322509765625e+02
2.085390625000000000e+02 2.085391082763671875e+02
2.291717376708984375e+02 2.291715393066406250e+02
2.515461273193359375e+02 2.515462341308593750e+02
2.757767944335937500e+02 2.757767028808593750e+02
3.019790039062500000e+02 3.019791259765625000e+02
3.302750244140625000e+02 3.302750244140625000e+02
3.607860107421875000e+02 3.607860107421875000e+02
3.936397094726562500e+02 3.936396484375000000e+02
4.289622192382812500e+02 4.289623718261718750e+02
4.668847656250000000e+02 4.668846130371093750e+02
5.075364685058593750e+02 5.075364074707031250e+02
5.510485839843750000e+02 5.510487670898437500e+02
5.975505371093750000e+02 5.975505371093750000e+02
6.471718750000000000e+02 6.471718139648437500e+02
7.000372314453125000e+02 7.000374145507812500e+02
7.562704467773437500e+02 7.562705688476562500e+02
8.159879760742187500e+02 8.159877319335937500e+02
8.793039550781250000e+02 8.793041381835937500e+02
9.463210449218750000e+02 9.463212890625000000e+02
1.017138061523437500e+03 1.017138061523437500e+03
1.091839599609375000e+03 1.091839843750000000e+03
1.170502441406250000e+03 1.170502441406250000e+03
1.253187622070312500e+03 1.253187500000000000e+03
1.339942626953125000e+03 1.339942993164062500e+03
1.430798706054687500e+03 1.430799560546875000e+03
1.525769165039062500e+03 1.525768798828125000e+03
1.624844970703125000e+03 1.624845947265625000e+03
1.727999877929687500e+03 1.727999877929687500e+03
1.835181030273437500e+03 1.835180786132812500e+03
1.946308349609375000e+03 1.946308837890625000e+03
2.061277343750000000e+03 2.061278320312500000e+03
2.179959472656250000e+03 2.179959472656250000e+03
2.302181884765625000e+03 2.302183593750000000e+03
2.427755859375000000e+03 2.427755126953125000e+03
2.556446289062500000e+03 2.556448974609375000e+03
2.687989990234375000e+03 2.687989746093750000e+03
2.822084228515625000e+03 2.822083740234375000e+03
2.958390136718750000e+03 2.958391357421875000e+03
3.096527099609375000e+03 3.096528076171875000e+03
3.236085937500000000e+03 3.236086669921875000e+03
3.376601318359375000e+03 3.376603271484375000e+03
3.517580810546875000e+03 3.517578857421875000e+03
3.658489013671875000e+03 3.658492187500000000e+03
3.798738281250000000e+03 3.798741210937500000e+03
3.937735351562500000e+03 3.937737792968750000e+03
4.074803710937500000e+03 4.074805175781250000e+03
4.209265136718750000e+03 4.209272460937500000e+03
4.340392578125000000e+03 4.340393066406250000e+03
4.467423828125000000e+03 4.467429687500000000e+03
4.589567382812500000e+03 4.589567382812500000e+03
4.706005371093750000e+03 4.706013183593750000e+03
4.815896972656250000e+03 4.815900878906250000e+03
4.918379882812500000e+03 4.918387207031250000e+03
5.012556152343750000e+03 5.012557617187500000e+03
5.097540039062500000e+03 5.097545410156250000e+03
5.172422851562500000e+03 5.172430175781250000e+03
5.236301757812500000e+03 5.236314453125000000e+03
5.288250000000000000e+03 5.288256835937500000e+03
5.327387695312500000e+03 5.327400390625000000e+03
5.352803710937500000e+03 5.352817382812500000e+03
5.363659179687500000e+03 5.363668945312500000e+03
5.359078125000000000e+03 5.359085937500000000e+03
5.338253906250000000e+03 5.338270507812500000e+03
5.300428710937500000e+03 5.300446289062500000e+03
5.244858398437500000e+03 5.244878906250000000e+03
5.170868164062500000e+03 5.170888671875000000e+03
5.077847656250000000e+03 5.077871093750000000e+03
4.965229492187500000e+03 4.965253906250000000e+03
4.832540039062500000e+03 4.832570312500000000e+03
4.679373046875000000e+03 4.679401367187500000e+03
4.505405273437500000e+03 4.505441406250000000e+03
4.310419921875000000e+03 4.310454101562500000e+03
4.094260742187500000e+03 4.094304687500000000e+03
3.856916015625000000e+03 3.856950195312500000e+03
3.598426757812500000e+03 3.598474609375000000e+03
3.318996093750000000e+03 3.319046875000000000e+03
3.018899414062500000e+03 3.018953125000000000e+03
2.698542968750000000e+03 2.698596679687500000e+03
2.358439453125000000e+03 2.358505859375000000e+03
1.999232421875000000e+03 1.999293945312500000e+03
1.621671875000000000e+03 1.621750000000000000e+03
1.226621093750000000e+03 1.226695312500000000e+03
8.150800781250000000e+02 8.151640625000000000e+02
3.881191406250000000e+02 3.882050781250000000e+02
-5.302539062500000000e+01 -5.292773437500000000e+01
-5.070527343750000000e+02 -5.069531250000000000e+02
-9.725449218750000000e+02 -9.724394531250000000e+02
-1.447996093750000000e+03 -1.447882812500000000e+03
-1.931792968750000000e+03 -1.931667968750000000e+03
-2.422259765625000000e+03 -2.422138671875000000e+03
-2.917648437500000000e+03 -2.917515625000000000e+03
-3.416121093750000000e+03 -3.415972656250000000e+03
-3.915804687500000000e+03 -3.915658203125000000e+03
-4.414773437500000000e+03 -4.414619140625000000e+03
-4.911090820312500000e+03 -4.910918945312500000e+03
-5.402724609375000000e+03 -5.402553710937500000e+03
-5.887724609375000000e+03 -5.887540039062500000e+03
-6.364066406250000000e+03 -6.363884765625000000e+03
-6.829778320312500000e+03 -6.829580078125000000e+03
-7.282870117187500000e+03 -7.282672851562500000e+03
-7.721439453125000000e+03 -7.721229492187500000e+03
-8.143581054687500000e+03 -8.143369140625000000e+03
-8.547483398437500000e+03 -8.547270507812500000e+03
-8.931381835937500000e+03 -8.931152343750000000e+03
-9.293590820312500000e+03 -9.293364257812500000e+03
-9.632537109375000000e+03 -9.632306640625000000e+03
-9.946750976562500000e+03 -9.946508789062500000e+03
-1.023481445312500000e+04 -1.023457519531250000e+04
-1.049552539062500000e+04 -1.049528710937500000e+04
-1.072771875000000000e+04 -1.072748242187500000e+04
-1.093042773437500000e+04 -1.093018847656250000e+04
-1.110278222656250000e+04 -1.110255273437500000e+04
-1.124410449218750000e+04 -1.124387695312500000e+04
-1.135381445312500000e+04 -1.135359375000000000e+04
-1.143151757812500000e+04 -1.143129980468750000e+04
-1.147696777343750000e+04 -1.147677636718750000e+04
-1.149009472656250000e+04 -1.148989257812500000e+04
-1.147093164062500000e+04 -1.147075488281250000e+04
-1.141972167968750000e+04 -1.141954492187500000e+04
-1.133682714843750000e+04 -1.133668945312500000e+04
-1.122280078125000000e+04 -1.122265625000000000e+04
-1.107826074218750000e+04 -1.107815820312500000e+04
-1.090406250000000000e+04 -1.090398242187500000e+04
-1.070112500000000000e+04 -1.070106640625000000e+04
-1.047053613281250000e+04 -1.047050000000000000e+04
-1.021344921875000000e+04 -1.021344628906250000e+04
-9.931198242187500000e+03 -9.931232421875000000e+03
-9.625159179687500000e+03 -9.625231445312500000e+03
-9.296835937500000000e+03 -9.296944335937500000e+03
-8.947809570312500000e+03 -8.947958007812500000e+03
-8.579685546875000000e+03 -8.579876953125000000e+03
-8.194207031250000000e+03 -8.194439453125000000e+03
-7.793091796875000000e+03 -7.793375000000000000e+03
-7.378156250000000000e+03 -7.378486328125000000e+03
-6.951177734375000000e+03 -6.951558593750000000e+03
-6.514042968750000000e+03 -6.514472656250000000e+03
-6.068507812500000000e+03 -6.068992187500000000e+03
-5.616464843750000000e+03 -5.617005859375000000e+03
-5.159679687500000000e+03 -5.160275390625000000e+03
-4.699980468750000000e+03 -4.700632812500000000e+03
-4.239068359375000000e+03 -4.239771484375000000e+03
-3.778675781250000000e+03 -3.779427734375000000e+03
-3.320414062500000000e+03 -3.321236328125000000e+03
-2.865917968750000000e+03 -2.866787109375000000e+03
-2.416667968750000000e+03 -2.417589843750000000e+03
-1.974142578125000000e+03 -1.975101562500000000e+03
-1.539652343750000000e+03 -1.540681640625000000e+03
-1.114535156250000000e+03 -1.115597656250000000e+03
-6.999296875000000000e+02 -7.010468750000000000e+02
-2.969863281250000000e+02 -2.981347656250000000e+02
9.333984375000000000e+01 9.214648437500000000e+01
4.701113281250000000e+02 4.688945312500000000e+02
8.325390625000000000e+02 8.312832031250000000e+02
1.179898437500000000e+03 1.178628906250000000e+03
1.511591796875000000e+03 1.510287109375000000e+03
1.827074218750000000e+03 1.825771484375000000e+03
2.125953125000000000e+03 2.124640625000000000e+03
2.407880859375000000e+03 2.406574218750000000e+03
2.672623046875000000e+03 2.671320312500000000e+03
2.920027343750000000e+03 2.918734375000000000e+03
3.150021484375000000e+03 3.148751953125000000e+03
3.362615234375000000e+03 3.361375000000000000e+03
3.557896484375000000e+03 3.556695312500000000e+03
3.736009765625000000e+03 3.734853515625000000e+03
3.897201171875000000e+03 3.896089843750000000e+03
4.041710937500000000e+03 4.040662109375000000e+03
4.169910156250000000e+03 4.168923828125000000e+03
4.282162109375000000e+03 4.281259765625000000e+03
4.378929687500000000e+03 4.378105468750000000e+03
4.460646484375000000e+03 4.459914062500000000e+03
4.527869140625000000e+03 4.527220703125000000e+03
4.581082031250000000e+03 4.580539062500000000e+03
4.620902343750000000e+03 4.620466796875000000e+03
4.647867187500000000e+03 4.647552734375000000e+03
4.662628906250000000e+03 4.662435546875000000e+03
4.665767578125000000e+03 4.665691406250000000e+03
4.657927734375000000e+03 4.657982421875000000e+03
4.639724609375000000e+03 4.639914062500000000e+03
4.611800781250000000e+03 4.612119140625000000e+03
4.574775390625000000e+03 4.575232421875000000e+03
4.529285156250000000e+03 4.529866210937500000e+03
4.475929687500000000e+03 4.476663085937500000e+03
4.415331054687500000e+03 4.416199218750000000e+03
4.348074218750000000e+03 4.349077148437500000e+03
4.274750976562500000e+03 4.275886718750000000e+03
4.195920898437500000e+03 4.197184570312500000e+03
4.112130859375000000e+03 4.113523437500000000e+03
4.023916992187500000e+03 4.025424804687500000e+03
3.931781250000000000e+03 3.933411132812500000e+03
3.836226562500000000e+03 3.837970703125000000e+03
3.737722167968750000e+03 3.739563964843750000e+03
3.636713378906250000e+03 3.638647460937500000e+03
3.533638671875000000e+03 3.535656738281250000e+03
3.428897460937500000e+03 3.430996093750000000e+03
3.322878417968750000e+03 3.325046386718750000e+03
3.215951660156250000e+03 3.218171875000000000e+03
3.108459960937500000e+03 3.110730957031250000e+03
3.000736328125000000e+03 3.003037109375000000e+03
2.893067871093750000e+03 2.895393310546875000e+03
2.785760498046875000e+03 2.788092529296875000e+03
2.679058593750000000e+03 2.681396484375000000e+03
2.573232177734375000e+03 2.575556640625000000e+03
2.468481445312500000e+03 2.470777832031250000e+03
2.365052246093750000e+03 2.367312255859375000e+03
2.263101806640625000e+03 2.265311523437500000e+03
2.162838378906250000e+03 2.164992187500000000e+03
2.064400878906250000e+03 2.066483154296875000e+03
1.967955566406250000e+03 1.969948364257812500e+03
1.873614990234375000e+03 1.875519775390625000e+03
1.781512939453125000e+03 1.783313476562500000e+03
1.691735595703125000e+03 1.693428222656250000e+03
1.604395996093750000e+03 1.605954589843750000e+03
1.519545654296875000e+03 1.520990966796875000e+03
1.437273437500000000e+03 1.438574707031250000e+03
1.357620117187500000e+03 1.358787109375000000e+03
1.280637695312500000e+03 1.281650390625000000e+03
1.206350097656250000e+03 1.207218750000000000e+03
1.134795898437500000e+03 1.135507812500000000e+03
1.065973632812500000e+03 1.066531738281250000e+03
9.998916015625000000e+02 1.000287109375000000e+03
9.365512695312500000e+02 9.367968750000000000e+02
8.759428710937500000e+02 8.760224609375000000e+02
8.180351562500000000e+02 8.179702148437500000e+02
7.628105468750000000e+02 7.625854492187500000e+02
7.102377929687500000e+02 7.098618164062500000e+02
6.602700195312500000e+02 6.597524414062500000e+02
6.128696289062500000e+02 6.122099609375000000e+02
5.679794921875000000e+02 5.671831054687500000e+02
5.255522460937500000e+02 5.246264648437500000e+02
4.855175781250000000e+02 4.844746093750000000e+02
4.478188476562500000e+02 4.466625976562500000e+02
4.123872070312500000e+02 4.111230468750000000e+02
3.791562500000000000e+02 3.777954101562500000e+02
3.480439453125000000e+02 3.465961914062500000e+02
3.189819335937500000e+02 3.174594726562500000e+02
2.918842773437500000e+02 2.902944335937500000e+02
2.666889648437500000e+02 2.650410156250000000e+02
2.432934570312500000e+02 2.416005859375000000e+02
2.216401367187500000e+02 2.199052734375000000e+02
2.016279296875000000e+02 1.998696289062500000e+02
1.831884765625000000e+02 1.814116210937500000e+02
1.662353515625000000e+02 1.644531250000000000e+02
1.506884765625000000e+02 1.489057617187500000e+02
1.364721679687500000e+02 1.347021484375000000e+02
1.235043945312500000e+02 1.217529296875000000e+02
1.117084960937500000e+02 1.099892578125000000e+02
1.010126953125000000e+02 9.932861328125000000e+01
9.133935546875000000e+01 8.970166015625000000e+01
8.262109375000000000e+01 8.103271484375000000e+01
7.478564453125000000e+01 7.325878906250000000e+01
6.777099609375000000e+01 6.630664062500000000e+01
6.150732421875000000e+01 6.011621093750000000e+01
5.594238281250000000e+01 5.461669921875000000e+01
5.100439453125000000e+01 4.976513671875000000e+01
4.664843750000000000e+01 4.548828125000000000e+01
4.281542968750000000e+01 4.174414062500000000e+01
3.946142578125000000e+01 3.846875000000000000e+01
3.653173828125000000e+01 3.563476562500000000e+01
3.398437500000000000e+01 3.317333984375000000e+01
3.178125000000000000e+01 3.105957031250000000e+01
2.988085937500000000e+01 2.924658203125000000e+01
2.824414062500000000e+01 2.770312500000000000e+01
2.684472656250000000e+01 2.638623046875000000e+01
2.564306640625000000e+01 2.527197265625000000e+01
2.461767578125000000e+01 2.433105468750000000e+01
2.374267578125000000e+01 2.353515625000000000e+01
2.299121093750000000e+01 2.286035156250000000e+01
2.234130859375000000e+01 2.228662109375000000e+01
2.178173828125000000e+01 2.179687500000000000e+01
2.128320312500000000e+01 2.136523437500000000e+01
2.084130859375000000e+01 2.098876953125000000e+01
2.043652343750000000e+01 2.064208984375000000e+01
2.006298828125000000e+01 2.032177734375000000e+01
1.970605468750000000e+01 2.001367187500000000e+01
1.935644531250000000e+01 1.971093750000000000e+01
1.900927734375000000e+01 1.940576171875000000e+01
1.865917968750000000e+01 1.909130859375000000e+01
1.829980468750000000e+01 1.876513671875000000e+01
1.792724609375000000e+01 1.842089843750000000e+01
1.754052734375000000e+01 1.805761718750000000e+01
1.713330078125000000e+01 1.766748046875000000e+01
1.671044921875000000e+01 1.726074218750000000e+01
1.626318359375000000e+01 1.682763671875000000e+01
1.580029296875000000e+01 1.636914062500000000e+01
1.531176757812500000e+01 1.588720703125000000e+01
1.481103515625000000e+01 1.538476562500000000e+01
1.428417968750000000e+01 1.485937500000000000e+01
1.374755859375000000e+01 1.431298828125000000e+01
1.319165039062500000e+01 1.375146484375000000e+01
1.262500000000000000e+01 1.317211914062500000e+01
1.204101562500000000e+01 1.257861328125000000e+01
1.145263671875000000e+01 1.197387695312500000e+01
1.085400390625000000e+01 1.136010742187500000e+01
1.025170898437500000e+01 1.073803710937500000e+01
9.640625000000000000e+00 1.011157226562500000e+01
9.032714843750000000e+00 9.479248046875000000e+00
8.423095703125000000e+00 8.849853515625000000e+00
7.816162109375000000e+00 8.221435546875000000e+00
7.209716796875000000e+00 7.593261718750000000e+00
6.612060546875000000e+00 6.970947265625000000e+00
6.020019531250000000e+00 6.358154296875000000e+00
5.436523437500000000e+00 5.751464843750000000e+00
4.863037109375000000e+00 5.154785156250000000e+00
4.300292968750000000e+00 4.569580078125000000e+00
3.749755859375000000e+00 3.995117187500000000e+00
3.211425781250000000e+00 3.437500000000000000e+00
2.688232421875000000e+00 2.892089843750000000e+00
2.177734375000000000e+00 2.361572265625000000e+00
1.685058593750000000e+00 1.848876953125000000e+00
1.207031250000000000e+00 1.351318359375000000e+00
7.458496093750000000e-01 8.725585937500000000e-01
2.990722656250000000e-01 4.082031250000000000e-01
-1.281738281250000000e-01 -3.588867187500000000e-02
-5.393066406250000000e-01 -4.624023437500000000e-01
-9.342041015625000000e-01 -8.699951171875000000e-01
-1.312255859375000000e+00 -1.263305664062500000e+00
-1.669555664062500000e+00 -1.635375976562500000e+00
-2.014892578125000000e+00 -1.990234375000000000e+00
-2.341186523437500000e+00 -2.327758789062500000e+00
-2.652465820312500000e+00 -2.649047851562500000e+00
-2.944458007812500000e+00 -2.950561523437500000e+00
-3.224121093750000000e+00 -3.237426757812500000e+00
-3.485473632812500000e+00 -3.508422851562500000e+00
-3.734130859375000000e+00 -3.761108398437500000e+00
-3.965332031250000000e+00 -4.000610351562500000e+00
-4.184814453125000000e+00 -4.223754882812500000e+00
-4.388061523437500000e+00 -4.433105468750000000e+00
-4.580932617187500000e+00 -4.626953125000000000e+00
-4.756103515625000000e+00 -4.808349609375000000e+00
-4.923339843750000000e+00 -4.975830078125000000e+00
-5.075561523437500000e+00 -5.132324218750000000e+00
-5.218017578125000000e+00 -5.274658203125000000e+00
-5.346679687500000000e+00 -5.406372070312500000e+00
-5.467163085937500000e+00 -5.526000976562500000e+00
-5.575805664062500000e+00 -5.636352539062500000e+00
-5.676391601562500000e+00 -5.736206054687500000e+00
-5.765014648437500000e+00 -5.825561523437500000e+00
-5.846923828125000000e+00 -5.906250000000000000e+00
-5.918945312500000000e+00 -5.978271484375000000e+00
-5.983276367187500000e+00 -6.041259765625000000e+00
-6.039978027343750000e+00 -6.096679687500000000e+00
-6.089477539062500000e+00 -6.144470214843750000e+00
-6.131530761718750000e+00 -6.185241699218750000e+00
-6.166870117187500000e+00 -6.219543457031250000e+00
-6.195800781250000000e+00 -6.246520996093750000e+00
-6.219909667968750000e+00 -6.268676757812500000e+00
-6.237121582031250000e+00 -6.284545898437500000e+00
-6.249084472656250000e+00 -6.294921875000000000e+00
-6.256958007812500000e+00 -6.300537109375000000e+00
-6.259155273437500000e+00 -6.300720214843750000e+00
-6.258178710937500000e+00 -6.298217773437500000e+00
-6.251159667968750000e+00 -6.289611816406250000e+00
-6.241699218750000000e+00 -6.277587890625000000e+00
-6.227355957031250000e+00 -6.261657714843750000e+00
-6.211181640625000000e+00 -6.243347167968750000e+00
-6.189270019531250000e+00 -6.220703125000000000e+00
-6.166564941406250000e+00 -6.195373535156250000e+00
-6.139709472656250000e+00 -6.166564941406250000e+00
-6.110961914062500000e+00 -6.137023925781250000e+00
-6.078002929687500000e+00 -6.103149414062500000e+00
-6.046203613281250000e+00 -6.067932128906250000e+00
-6.007934570312500000e+00 -6.029724121093750000e+00
-5.971130371093750000e+00 -5.991088867187500000e+00
-5.930114746093750000e+00 -5.948852539062500000e+00
-5.889465332031250000e+00 -5.905883789062500000e+00
-5.844909667968750000e+00 -5.861755371093750000e+00
-5.801361083984375000e+00 -5.814941406250000000e+00
-5.753570556640625000e+00 -5.768310546875000000e+00
-5.707366943359375000e+00 -5.719757080078125000e+00
-5.658142089843750000e+00 -5.669860839843750000e+00
-5.609680175781250000e+00 -5.619140625000000000e+00
-5.557556152343750000e+00 -5.568511962890625000e+00
-5.507354736328125000e+00 -5.515869140625000000e+00
-5.454895019531250000e+00 -5.463012695312500000e+00
-5.402648925781250000e+00 -5.409271240234375000e+00
-5.347961425781250000e+00 -5.355316162109375000e+00
-5.295196533203125000e+00 -5.300598144531250000e+00
-5.240142822265625000e+00 -5.245758056640625000e+00
-5.185913085937500000e+00 -5.189910888671875000e+00
-5.129821777343750000e+00 -5.134552001953125000e+00
-5.075500488281250000e+00 -5.078491210937500000e+00
-5.019958496093750000e+00 -5.022766113281250000e+00
-4.964111328125000000e+00 -4.966033935546875000e+00
-4.908386230468750000e+00 -4.910125732421875000e+00
-4.852416992187500000e+00 -4.853637695312500000e+00
-4.796997070312500000e+00 -4.797149658203125000e+00
-4.740722656250000000e+00 -4.740875244140625000e+00
-4.685272216796875000e+00 -4.685241699218750000e+00
-4.629241943359375000e+00 -4.628204345703125000e+00
-4.573913574218750000e+00 -4.572540283203125000e+00
-4.517944335937500000e+00 -4.517242431640625000e+00
-4.463439941406250000e+00 -4.461914062500000000e+00
-4.407608032226562500e+00 -4.406265258789062500e+00
-4.353820800781250000e+00 -4.350891113281250000e+00
-4.298217773437500000e+00 -4.296585083007812500e+00
-4.245162963867187500e+00 -4.242630004882812500e+00
-4.190338134765625000e+00 -4.188125610351562500e+00
-4.138244628906250000e+00 -4.134353637695312500e+00
-4.083816528320312500e+00 -4.081115722656250000e+00
-4.031433105468750000e+00 -4.028244018554687500e+00
-3.978851318359375000e+00 -3.975067138671875000e+00
-3.927597045898437500e+00 -3.923278808593750000e+00
-3.874969482421875000e+00 -3.871109008789062500e+00
-3.824203491210937500e+00 -3.819915771484375000e+00
-3.773300170898437500e+00 -3.769348144531250000e+00
-3.723861694335937500e+00 -3.718688964843750000e+00
-3.673095703125000000e+00 -3.668975830078125000e+00
-3.624420166015625000e+00 -3.619461059570312500e+00
-3.574951171875000000e+00 -3.570922851562500000e+00
-3.527313232421875000e+00 -3.521682739257812500e+00
-3.478744506835937500e+00 -3.474395751953125000e+00
-3.431762695312500000e+00 -3.426635742187500000e+00
-3.384536743164062500e+00 -3.379623413085937500e+00
-3.338684082031250000e+00 -3.333023071289062500e+00
-3.291915893554687500e+00 -3.287109375000000000e+00
-3.247192382812500000e+00 -3.241699218750000000e+00
-3.201812744140625000e+00 -3.196685791015625000e+00
-3.158271789550781250e+00 -3.152221679687500000e+00
-3.113693237304687500e+00 -3.109046936035156250e+00
-3.070495605468750000e+00 -3.065284729003906250e+00
-3.027442932128906250e+00 -3.022163391113281250e+00
-2.985671997070312500e+00 -2.979949951171875000e+00
-2.943618774414062500e+00 -2.938774108886718750e+00
-2.902015686035156250e+00 -2.896919250488281250e+00
-2.861465454101562500e+00 -2.856010437011718750e+00
-2.821250915527343750e+00 -2.815727233886718750e+00
-2.781394958496093750e+00 -2.776527404785156250e+00
-2.741844177246093750e+00 -2.737190246582031250e+00
-2.703544616699218750e+00 -2.698112487792968750e+00
-2.665008544921875000e+00 -2.660110473632812500e+00
-2.627563476562500000e+00 -2.622634887695312500e+00
-2.589759826660156250e+00 -2.585250854492187500e+00
-2.553283691406250000e+00 -2.548492431640625000e+00
-2.516761779785156250e+00 -2.511940002441406250e+00
-2.481369018554687500e+00 -2.477005004882812500e+00
-2.445518493652343750e+00 -2.441200256347656250e+00
-2.411499023437500000e+00 -2.406677246093750000e+00
-2.376197814941406250e+00 -2.371757507324218750e+00
-2.342864990234375000e+00 -2.338966369628906250e+00
-2.309120178222656250e+00 -2.304954528808593750e+00
-2.276618957519531250e+00 -2.271987915039062500e+00
-2.243392944335937500e+00 -2.239501953125000000e+00
-2.212104797363281250e+00 -2.208389282226562500e+00
-2.179687500000000000e+00 -2.176609039306640625e+00
-2.149463653564453125e+00 -2.144844055175781250e+00
-2.117786407470703125e+00 -2.114517211914062500e+00
-2.088424682617187500e+00 -2.084793090820312500e+00
-2.057636260986328125e+00 -2.054851531982421875e+00
-2.028751373291015625e+00 -2.024902343750000000e+00
-1.999149322509765625e+00 -1.996322631835937500e+00
-1.971088409423828125e+00 -1.968093872070312500e+00
-1.942325592041015625e+00 -1.939868927001953125e+00
-1.915298461914062500e+00 -1.911888122558593750e+00
-1.887229919433593750e+00 -1.884788513183593750e+00
-1.860740661621093750e+00 -1.858177185058593750e+00
-1.833690643310546875e+00 -1.832138061523437500e+00
-1.808025360107421875e+00 -1.805400848388671875e+00
-1.781719207763671875e+00 -1.779891967773437500e+00
-1.756553649902343750e+00 -1.754676818847656250e+00
-1.731315612792968750e+00 -1.729671478271484375e+00
-1.706832885742187500e+00 -1.704757690429687500e+00
-1.682167053222656250e+00 -1.680603027343750000e+00
-1.658145904541015625e+00 -1.656787872314453125e+00
-1.634555816650390625e+00 -1.633411407470703125e+00
-1.611354827880859375e+00 -1.609798431396484375e+00
-1.588218688964843750e+00 -1.587043762207031250e+00
-1.565410614013671875e+00 -1.565036773681640625e+00
-1.543598175048828125e+00 -1.542694091796875000e+00
-1.521240234375000000e+00 -1.520660400390625000e+00
-1.499860763549804688e+00 -1.499284744262695312e+00
-1.478475570678710938e+00 -1.478826522827148438e+00
-1.457679748535156250e+00 -1.457508087158203125e+00
-1.436635971069335938e+00 -1.436182022094726562e+00
-1.416793823242187500e+00 -1.416465759277343750e+00
-1.396171569824218750e+00 -1.396736145019531250e+00
-1.377252578735351562e+00 -1.377338409423828125e+00
-1.356878280639648438e+00 -1.357025146484375000e+00
-1.338470458984375000e+00 -1.338401794433593750e+00
-1.319068908691406250e+00 -1.319643020629882812e+00
-1.301097869873046875e+00 -1.301658630371093750e+00
-1.281990051269531250e+00 -1.282548904418945312e+00
-1.264596939086914062e+00 -1.265113830566406250e+00
-1.246305465698242188e+00 -1.247280120849609375e+00
-1.229417800903320312e+00 -1.230384826660156250e+00
-1.211286544799804688e+00 -1.212539672851562500e+00
-1.195095062255859375e+00 -1.196079254150390625e+00
-1.177803039550781250e+00 -1.179346084594726562e+00
-1.162107467651367188e+00 -1.163221359252929688e+00
-1.144969940185546875e+00 -1.146800994873046875e+00
-1.129474639892578125e+00 -1.130657196044921875e+00
-1.113727569580078125e+00 -1.115655899047851562e+00
-1.098541259765625000e+00 -1.100030899047851562e+00
-1.082681655883789062e+00 -1.084535598754882812e+00
-1.067792892456054688e+00 -1.069377899169921875e+00
-1.053129196166992188e+00 -1.055305480957031250e+00
-1.038711547851562500e+00 -1.040481567382812500e+00
-1.023699760437011719e+00 -1.026079177856445312e+00
-1.009912490844726562e+00 -1.011605262756347656e+00
-9.963808059692382812e-01 -9.984903335571289062e-01
-9.825429916381835938e-01 -9.845018386840820312e-01
-9.686641693115234375e-01 -9.707546234130859375e-01
-9.553003311157226562e-01 -9.573078155517578125e-01
-9.425973892211914062e-01 -9.450111389160156250e-01
-9.294490814208984375e-01 -9.317426681518554688e-01
-9.166059494018554688e-01 -9.189300537109375000e-01
-9.037246704101562500e-01 -9.063434600830078125e-01
-8.918600082397460938e-01 -8.946352005004882812e-01
-8.794441223144531250e-01 -8.822584152221679688e-01
-8.673143386840820312e-01 -8.702154159545898438e-01
-8.556413650512695312e-01 -8.581666946411132812e-01
-8.444757461547851562e-01 -8.472890853881835938e-01
-8.325920104980468750e-01 -8.355283737182617188e-01
-8.213987350463867188e-01 -8.239631652832031250e-01
-8.103666305541992188e-01 -8.128299713134765625e-01
-7.999019622802734375e-01 -8.026151657104492188e-01
-7.886638641357421875e-01 -7.915773391723632812e-01
-7.780027389526367188e-01 -7.805910110473632812e-01
-7.672290802001953125e-01 -7.702045440673828125e-01
-7.579221725463867188e-01 -7.604408264160156250e-01
-7.469244003295898438e-01 -7.500991821289062500e-01
-7.370653152465820312e-01 -7.398118972778320312e-01
-7.271451950073242188e-01 -7.301197052001953125e-01
-7.180519104003906250e-01 -7.207622528076171875e-01
-7.078871726989746094e-01 -7.110600471496582031e-01
-6.987133026123046875e-01 -7.014741897583007812e-01
-6.892299652099609375e-01 -6.920537948608398438e-01
-6.805262565612792969e-01 -6.835083961486816406e-01
-6.709876060485839844e-01 -6.741933822631835938e-01
-6.624217033386230469e-01 -6.648554801940917969e-01
-6.535520553588867188e-01 -6.563558578491210938e-01
-6.453208923339843750e-01 -6.481313705444335938e-01
-6.364550590515136719e-01 -6.394586563110351562e-01
-6.281013488769531250e-01 -6.304459571838378906e-01
-6.199936866760253906e-01 -6.227326393127441406e-01
-6.122159957885742188e-01 -6.146554946899414062e-01
-6.038737297058105469e-01 -6.065263748168945312e-01
-5.959320068359375000e-01 -5.982403755187988281e-01
-5.881857872009277344e-01 -5.910305976867675781e-01
-5.807890892028808594e-01 -5.835719108581542969e-01
-5.728292465209960938e-01 -5.756888389587402344e-01
-5.654835700988769531e-01 -5.677390098571777344e-01
-5.582847595214843750e-01 -5.609650611877441406e-01
-5.512652397155761719e-01 -5.540990829467773438e-01
-5.442271232604980469e-01 -5.466184616088867188e-01
-5.368938446044921875e-01 -5.391187667846679688e-01
-5.303854942321777344e-01 -5.327267646789550781e-01
-5.234184265136718750e-01 -5.261063575744628906e-01
-5.166192054748535156e-01 -5.189547538757324219e-01
-5.098581314086914062e-01 -5.121059417724609375e-01
-5.037550926208496094e-01 -5.059790611267089844e-01
-4.970779418945312500e-01 -4.996147155761718750e-01
-4.907760620117187500e-01 -4.930090904235839844e-01
-4.842827320098876953e-01 -4.864537715911865234e-01
-4.788172245025634766e-01 -4.807548522949218750e-01
-4.722950458526611328e-01 -4.747164249420166016e-01
-4.664378166198730469e-01 -4.684638977050781250e-01
-4.604573249816894531e-01 -4.623749256134033203e-01
-4.550764560699462891e-01 -4.570605754852294922e-01
-4.488289356231689453e-01 -4.513540267944335938e-01
-4.432587623596191406e-01 -4.453773498535156250e-01
-4.376254081726074219e-01 -4.396660327911376953e-01
-4.328107833862304688e-01 -4.345924854278564453e-01
-4.267559051513671875e-01 -4.291017055511474609e-01
-4.216086864471435547e-01 -4.235813617706298828e-01
-4.163661003112792969e-01 -4.180376529693603516e-01
-4.117944240570068359e-01 -4.131917953491210938e-01
-4.063017368316650391e-01 -4.081161022186279297e-01
-4.010188579559326172e-01 -4.027686119079589844e-01
-3.962326049804687500e-01 -3.975799083709716797e-01
-3.916394710540771484e-01 -3.931493759155273438e-01
-3.866031169891357422e-01 -3.882980346679687500e-01
-3.815999031066894531e-01 -3.832433223724365234e-01
-3.770861625671386719e-01 -3.784251213073730469e-01
-3.726842403411865234e-01 -3.741297721862792969e-01
-3.681397438049316406e-01 -3.696179389953613281e-01
-3.634753227233886719e-01 -3.649010658264160156e-01
-3.590567111968994141e-01 -3.604152202606201172e-01
-3.550269603729248047e-01 -3.562686443328857422e-01
-3.504517078399658203e-01 -3.518280982971191406e-01
-3.460888862609863281e-01 -3.472294807434082031e-01
-3.419861793518066406e-01 -3.432300090789794922e-01
-3.380670547485351562e-01 -3.392738103866577148e-01
-3.336827754974365234e-01 -3.349829912185668945e-01
-3.294759988784790039e-01 -3.306893110275268555e-01
-3.258422613143920898e-01 -3.268176317214965820e-01
-3.221175670623779297e-01 -3.232741355895996094e-01
-3.180137872695922852e-01 -3.191167116165161133e-01
-3.140585422515869141e-01 -3.148822784423828125e-01
-3.106672763824462891e-01 -3.114426136016845703e-01
-3.069995641708374023e-01 -3.078727722167968750e-01
-3.033788204193115234e-01 -3.043633699417114258e-01
-2.992964982986450195e-01 -2.999947071075439453e-01
-2.964594364166259766e-01 -2.970192432403564453e-01
-2.929034233093261719e-01 -2.933397293090820312e-01
-2.893215417861938477e-01 -2.901970148086547852e-01
-2.854558229446411133e-01 -2.859629392623901367e-01
-2.825996875762939453e-01 -2.831768989562988281e-01
-2.793374061584472656e-01 -2.797520160675048828e-01
-2.757836580276489258e-01 -2.765923738479614258e-01
-2.722012996673583984e-01 -2.729787826538085938e-01
-2.694627046585083008e-01 -2.698259353637695312e-01
-2.662081718444824219e-01 -2.670063972473144531e-01
-2.630444765090942383e-01 -2.636766433715820312e-01
-2.596281766891479492e-01 -2.604118585586547852e-01
-2.571768760681152344e-01 -2.575296163558959961e-01
-2.541855573654174805e-01 -2.546753883361816406e-01
-2.511378526687622070e-01 -2.516169548034667969e-01
-2.480123043060302734e-01 -2.484065294265747070e-01
-2.456839084625244141e-01 -2.458403110504150391e-01
-2.428406476974487305e-01 -2.431912422180175781e-01
-2.398405075073242188e-01 -2.400515079498291016e-01
-2.368743419647216797e-01 -2.371376752853393555e-01
-2.344076633453369141e-01 -2.345337867736816406e-01
-2.319878339767456055e-01 -2.322528362274169922e-01
-2.289113998413085938e-01 -2.291658520698547363e-01
-2.262827157974243164e-01 -2.265555858612060547e-01
-2.239364385604858398e-01 -2.238062024116516113e-01
-2.216744422912597656e-01 -2.217881679534912109e-01
-2.186387181282043457e-01 -2.189069986343383789e-01
-2.163017988204956055e-01 -2.162986993789672852e-01
-2.140238881111145020e-01 -2.136756181716918945e-01
-2.118595242500305176e-01 -2.117022871971130371e-01
-2.089532613754272461e-01 -2.091469764709472656e-01
-2.065312266349792480e-01 -2.065793871879577637e-01
-2.045601010322570801e-01 -2.043613195419311523e-01
-2.022801041603088379e-01 -2.023064494132995605e-01
-1.996541023254394531e-01 -1.998063921928405762e-01
-1.974616050720214844e-01 -1.974481344223022461e-01
-1.955634355545043945e-01 -1.952477097511291504e-01
-1.934591531753540039e-01 -1.933732032775878906e-01
-1.910052299499511719e-01 -1.909591555595397949e-01
-1.889162659645080566e-01 -1.887106895446777344e-01
-1.870982646942138672e-01 -1.865044832229614258e-01
-1.850252747535705566e-01 -1.847250461578369141e-01
-1.826454401016235352e-01 -1.825714111328125000e-01
-1.805857419967651367e-01 -1.803190708160400391e-01
-1.788647174835205078e-01 -1.783805489540100098e-01
-1.769409179687500000e-01 -1.766898632049560547e-01
-1.745792031288146973e-01 -1.746546030044555664e-01
-1.727268099784851074e-01 -1.726065874099731445e-01
-1.712019443511962891e-01 -1.705890297889709473e-01
-1.693691015243530273e-01 -1.689728498458862305e-01
-1.671547293663024902e-01 -1.670390963554382324e-01
-1.653343439102172852e-01 -1.651307344436645508e-01
-1.639667749404907227e-01 -1.633509993553161621e-01
-1.622550487518310547e-01 -1.615909337997436523e-01
-1.599185466766357422e-01 -1.597875952720642090e-01
-1.582053303718566895e-01 -1.580640673637390137e-01
-1.569367051124572754e-01 -1.563614606857299805e-01
-1.552935242652893066e-01 -1.547593474388122559e-01
-1.531112790107727051e-01 -1.530388593673706055e-01
-1.514599323272705078e-01 -1.512353718280792236e-01
-1.502482891082763672e-01 -1.496487557888031006e-01
-1.486751437187194824e-01 -1.479729712009429932e-01
-1.465427875518798828e-01 -1.465132534503936768e-01
-1.449972391128540039e-01 -1.447730362415313721e-01
-1.438288986682891846e-01 -1.432639062404632568e-01
-1.422828435897827148e-01 -1.416661441326141357e-01
-1.403016448020935059e-01 -1.403027772903442383e-01
-1.388568580150604248e-01 -1.386497020721435547e-01
-1.377863585948944092e-01 -1.372569501399993896e-01
-1.364564299583435059e-01 -1.357397735118865967e-01
-1.345080435276031494e-01 -1.343241333961486816e-01
-1.331542730331420898e-01 -1.326988041400909424e-01
-1.321666836738586426e-01 -1.314074099063873291e-01
-1.308511495590209961e-01 -1.298873126506805420e-01
-1.289848983287811279e-01 -1.286278963088989258e-01
-1.276137530803680420e-01 -1.271048784255981445e-01
-1.265909075736999512e-01 -1.259752511978149414e-01
-1.252603828907012939e-01 -1.246154606342315674e-01
-1.235384345054626465e-01 -1.233787536621093750e-01
-1.222014129161834717e-01 -1.219562292098999023e-01
-1.213766634464263916e-01 -1.207406520843505859e-01
-1.200566291809082031e-01 -1.193999350070953369e-01
-1.184734702110290527e-01 -1.182317733764648438e-01
-1.172128617763519287e-01 -1.168887019157409668e-01
-1.163988113403320312e-01 -1.156741082668304443e-01
-1.150355935096740723e-01 -1.144385039806365967e-01
-1.134539842605590820e-01 -1.133501529693603516e-01
-1.123236715793609619e-01 -1.120325028896331787e-01
-1.115889549255371094e-01 -1.108199357986450195e-01
-1.102310717105865479e-01 -1.097085773944854736e-01
-1.088407933712005615e-01 -1.086592376232147217e-01
-1.078439950942993164e-01 -1.075294315814971924e-01
-1.071678698062896729e-01 -1.063108444213867188e-01
-1.058544516563415527e-01 -1.052334308624267578e-01
-1.044767796993255615e-01 -1.042410135269165039e-01
-1.035879254341125488e-01 -1.031765937805175781e-01
-1.028346419334411621e-01 -1.019613742828369141e-01
-1.014636754989624023e-01 -1.010075807571411133e-01
-1.001219451427459717e-01 -9.999632835388183594e-02
-9.918463230133056641e-02 -9.911677241325378418e-02
-9.855714440345764160e-02 -9.779578447341918945e-02
-9.726300835609436035e-02 -9.682387113571166992e-02
-9.606662392616271973e-02 -9.590619802474975586e-02
-9.535649418830871582e-02 -9.495580196380615234e-02
-9.471622109413146973e-02 -9.379938244819641113e-02
-9.350916743278503418e-02 -9.295111894607543945e-02
-9.226861596107482910e-02 -9.194704890251159668e-02
-9.152197837829589844e-02 -9.129607677459716797e-02
-9.098672866821289062e-02 -9.013302624225616455e-02
-8.963516354560852051e-02 -8.931326866149902344e-02
-8.843737840652465820e-02 -8.832043409347534180e-02
-8.773675560951232910e-02 -8.757007122039794922e-02
-8.719053864479064941e-02 -8.655512332916259766e-02
-8.609670400619506836e-02 -8.571487665176391602e-02
-8.487437665462493896e-02 -8.481211960315704346e-02
-8.430965244770050049e-02 -8.396315574645996094e-02
-8.375418186187744141e-02 -8.311337232589721680e-02
-8.274284005165100098e-02 -8.233807981014251709e-02
-8.163718879222869873e-02 -8.161137998104095459e-02
-8.107289671897888184e-02 -8.080761134624481201e-02
-8.048383891582489014e-02 -8.000089228153228760e-02
-7.947219908237457275e-02 -7.914152741432189941e-02
-7.832863926887512207e-02 -7.828994095325469971e-02
-7.789100706577301025e-02 -7.751342654228210449e-02
-7.736642658710479736e-02 -7.667580246925354004e-02
-7.627353072166442871e-02 -7.585923373699188232e-02
-7.531787455081939697e-02 -7.507491111755371094e-02
-7.476475834846496582e-02 -7.429273426532745361e-02
-7.440863549709320068e-02 -7.362188398838043213e-02
-7.323141396045684814e-02 -7.300245761871337891e-02
-7.231079041957855225e-02 -7.231833040714263916e-02
-7.178743183612823486e-02 -7.158491015434265137e-02
-7.139031589031219482e-02 -7.092298567295074463e-02
-7.039088010787963867e-02 -7.025857269763946533e-02
-6.949587166309356689e-02 -6.952105462551116943e-02
-6.906130909919738770e-02 -6.879520416259765625e-02
-6.863759458065032959e-02 -6.805935502052307129e-02
-6.764075160026550293e-02 -6.745116412639617920e-02
-6.681323051452636719e-02 -6.678888201713562012e-02
-6.642439961433410645e-02 -6.603880226612091064e-02
-6.600491702556610107e-02 -6.543840467929840088e-02
-6.501685082912445068e-02 -6.483305990695953369e-02
-6.411293148994445801e-02 -6.426870822906494141e-02
-6.391005218029022217e-02 -6.350284814834594727e-02
-6.335471570491790771e-02 -6.305995583534240723e-02
-6.261871755123138428e-02 -6.236654520034790039e-02
-6.164625287055969238e-02 -6.175151467323303223e-02
-6.157398223876953125e-02 -6.104528903961181641e-02
-6.096120178699493408e-02 -6.041178107261657715e-02
-6.021408736705780029e-02 -5.990172922611236572e-02
-5.931340157985687256e-02 -5.927228927612304688e-02
-5.915386974811553955e-02 -5.862614512443542480e-02
-5.851483345031738281e-02 -5.820688605308532715e-02
-5.774250626564025879e-02 -5.771321058273315430e-02
-5.704230070114135742e-02 -5.710743367671966553e-02
-5.678072571754455566e-02 -5.645237863063812256e-02
-5.625545978546142578e-02 -5.611193180084228516e-02
-5.558343231678009033e-02 -5.548651516437530518e-02
-5.501002073287963867e-02 -5.494442582130432129e-02
-5.471506714820861816e-02 -5.421283841133117676e-02
-5.430775880813598633e-02 -5.377691984176635742e-02
-5.345743894577026367e-02 -5.327783524990081787e-02
-5.301448702812194824e-02 -5.282510817050933838e-02
-5.265982449054718018e-02 -5.217309296131134033e-02
-5.215089023113250732e-02 -5.180142819881439209e-02
-5.134195089340209961e-02 -5.132126808166503906e-02
-5.087250471115112305e-02 -5.093418061733245850e-02
-5.069850385189056396e-02 -5.041021108627319336e-02
-5.022968351840972900e-02 -4.990267753601074219e-02
-4.947002232074737549e-02 -4.950767755508422852e-02
-4.899813234806060791e-02 -4.909087717533111572e-02
-4.882882535457611084e-02 -4.851189255714416504e-02
-4.839973151683807373e-02 -4.805512726306915283e-02
-4.768380522727966309e-02 -4.761576652526855469e-02
-4.719935357570648193e-02 -4.717031121253967285e-02
-4.695759713649749756e-02 -4.662783443927764893e-02
-4.649983346462249756e-02 -4.617905616760253906e-02
-4.583880305290222168e-02 -4.581733047962188721e-02
-4.547925293445587158e-02 -4.530538618564605713e-02
-4.519698023796081543e-02 -4.491830617189407349e-02
-4.483006894588470459e-02 -4.438636451959609985e-02
-4.410636425018310547e-02 -4.401228576898574829e-02
-4.381029307842254639e-02 -4.359456151723861694e-02
-4.353414475917816162e-02 -4.322245717048645020e-02
-4.322087764739990234e-02 -4.270496964454650879e-02
-4.250127077102661133e-02 -4.246469587087631226e-02
-4.224348068237304688e-02 -4.207624495029449463e-02
-4.199787974357604980e-02 -4.172348231077194214e-02
-4.163549840450286865e-02 -4.122796654701232910e-02
-4.094566404819488525e-02 -4.094699770212173462e-02
-4.073041677474975586e-02 -4.051030427217483521e-02
-4.048310220241546631e-02 -4.018886387348175049e-02
-4.012958705425262451e-02 -3.974434733390808105e-02
-3.943435847759246826e-02 -3.944046795368194580e-02
-3.920401632785797119e-02 -3.897958248853683472e-02
-3.897412121295928955e-02 -3.871221095323562622e-02
-3.853109478950500488e-02 -3.826004266738891602e-02
-3.798106312751770020e-02 -3.799147158861160278e-02
-3.775649517774581909e-02 -3.756794333457946777e-02
-3.753414005041122437e-02 -3.727436810731887817e-02
-3.716526925563812256e-02 -3.686141967773437500e-02
-3.666778653860092163e-02 -3.650202602148056030e-02
-3.641178458929061890e-02 -3.613571822643280029e-02
-3.621630370616912842e-02 -3.583491593599319458e-02
-3.576167672872543335e-02 -3.546482324600219727e-02
-3.536099940538406372e-02 -3.509004414081573486e-02
-3.504699468612670898e-02 -3.474528342485427856e-02
-3.487320989370346069e-02 -3.450623899698257446e-02
-3.445633500814437866e-02 -3.419095277786254883e-02
-3.402107208967208862e-02 -3.385336697101593018e-02
-3.375150263309478760e-02 -3.355349600315093994e-02
-3.366507589817047119e-02 -3.330986946821212769e-02
-3.329270333051681519e-02 -3.302261233329772949e-02
-3.290807455778121948e-02 -3.263832628726959229e-02
-3.269862383604049683e-02 -3.238715976476669312e-02
-3.248994052410125732e-02 -3.219322115182876587e-02
-3.211791813373565674e-02 -3.191323578357696533e-02
-3.180085122585296631e-02 -3.150402754545211792e-02
-3.141738474369049072e-02 -3.129549324512481689e-02
-3.126435726881027222e-02 -3.100842237472534180e-02
-3.091058880090713501e-02 -3.080391883850097656e-02
-3.061909973621368408e-02 -3.032238781452178955e-02
-3.034317493438720703e-02 -3.008733689785003662e-02
-3.019203245639801025e-02 -2.980448305606842041e-02
-2.985031157732009888e-02 -2.961634844541549683e-02
-2.959771454334259033e-02 -2.917092293500900269e-02
-2.928473055362701416e-02 -2.892700582742691040e-02
-2.919260412454605103e-02 -2.865088731050491333e-02
-2.877078950405120850e-02 -2.856730669736862183e-02
-2.848362177610397339e-02 -2.819169312715530396e-02
-2.814419567584991455e-02 -2.794615924358367920e-02
-2.802805602550506592e-02 -2.773055434226989746e-02
-2.771947532892227173e-02 -2.754084765911102295e-02
-2.743873000144958496e-02 -2.726830542087554932e-02
-2.717652171850204468e-02 -2.695985883474349976e-02
-2.712161093950271606e-02 -2.674622833728790283e-02
-2.682078629732131958e-02 -2.650070190429687500e-02
-2.658137679100036621e-02 -2.626497298479080200e-02
-2.630378305912017822e-02 -2.598235756158828735e-02
-2.613392472267150879e-02 -2.580060064792633057e-02
-2.589123696088790894e-02 -2.556646615266799927e-02
-2.560968697071075439e-02 -2.532012015581130981e-02
-2.540262788534164429e-02 -2.509444206953048706e-02
-2.522287517786026001e-02 -2.483110129833221436e-02
-2.498184889554977417e-02 -2.463278919458389282e-02
-2.473605424165725708e-02 -2.439785003662109375e-02
-2.451640367507934570e-02 -2.427457273006439209e-02
-2.439699321985244751e-02 -2.403289079666137695e-02
-2.418071776628494263e-02 -2.379910647869110107e-02
-2.387280017137527466e-02 -2.360416948795318604e-02
-2.369137108325958252e-02 -2.341536432504653931e-02
-2.344040572643280029e-02 -2.327684313058853149e-02
-2.326197922229766846e-02 -2.306772768497467041e-02
-2.301169186830520630e-02 -2.276669442653656006e-02
-2.286776155233383179e-02 -2.259673178195953369e-02
-2.273155748844146729e-02 -2.232690900564193726e-02
-2.260220795869827271e-02 -2.209145575761795044e-02
-2.227331697940826416e-02 -2.189448475837707520e-02
-2.217503637075424194e-02 -2.168932557106018066e-02
-2.200469374656677246e-02 -2.155950665473937988e-02
-2.189128845930099487e-02 -2.128426730632781982e-02
-2.148513495922088623e-02 -2.117042988538742065e-02
-2.133227139711380005e-02 -2.104928344488143921e-02
-2.110654860734939575e-02 -2.092590928077697754e-02
-2.101667225360870361e-02 -2.064939588308334351e-02
-2.073428779840469360e-02 -2.048612385988235474e-02
-2.056781947612762451e-02 -2.036578208208084106e-02
-2.034983038902282715e-02 -2.016153186559677124e-02
-2.036231011152267456e-02 -1.986626535654067993e-02
-2.009792625904083252e-02 -1.970127969980239868e-02
-1.992323249578475952e-02 -1.959469914436340332e-02
-1.973904669284820557e-02 -1.941642165184020996e-02
-1.971932500600814819e-02 -1.914354413747787476e-02
-1.941379159688949585e-02 -1.909097284078598022e-02
-1.927077770233154297e-02 -1.900158077478408813e-02
-1.914673298597335815e-02 -1.889476925134658813e-02
-1.902450621128082275e-02 -1.855278760194778442e-02
-1.874287426471710205e-02 -1.843341439962387085e-02
-1.854447275400161743e-02 -1.829572767019271851e-02
-1.840922236442565918e-02 -1.812291145324707031e-02
-1.836915314197540283e-02 -1.787053048610687256e-02
-1.814640313386917114e-02 -1.773467659950256348e-02
-1.792657375335693359e-02 -1.768000423908233643e-02
-1.784677803516387939e-02 -1.749859750270843506e-02
-1.777839660644531250e-02 -1.730823516845703125e-02
-1.761454343795776367e-02 -1.719319820404052734e-02
-1.738277822732925415e-02 -1.711436361074447632e-02
-1.735011488199234009e-02 -1.698313653469085693e-02
-1.714328676462173462e-02 -1.673536747694015503e-02
-1.703244447708129883e-02 -1.659063249826431274e-02
-1.676689088344573975e-02 -1.640255749225616455e-02
-1.681722700595855713e-02 -1.627982407808303833e-02
-1.665490120649337769e-02 -1.608627289533615112e-02
-1.644840836524963379e-02 -1.598175987601280212e-02
-1.626233756542205811e-02 -1.589876413345336914e-02
-1.630994677543640137e-02 -1.577607542276382446e-02
-1.619146019220352173e-02 -1.565497741103172302e-02
-1.596815139055252075e-02 -1.554008200764656067e-02
-1.570460945367813110e-02 -1.546340435743331909e-02
-1.574985682964324951e-02 -1.526773720979690552e-02
-1.560554653406143188e-02 -1.511915773153305054e-02
-1.536237448453903198e-02 -1.492048054933547974e-02
-1.518204808235168457e-02 -1.479347795248031616e-02
-1.518917083740234375e-02 -1.456354930996894836e-02
-1.512044668197631836e-02 -1.448548957705497742e-02
-1.488184183835983276e-02 -1.436070352792739868e-02
-1.465634256601333618e-02 -1.434255391359329224e-02
-1.478561758995056152e-02 -1.421910151839256287e-02
-1.466239243745803833e-02 -1.407830044627189636e-02
-1.443073898553848267e-02 -1.402939856052398682e-02
-1.413492858409881592e-02 -1.399379223585128784e-02
-1.421441882848739624e-02 -1.380546763539314270e-02
-1.411074399948120117e-02 -1.370711997151374817e-02
-1.390819251537322998e-02 -1.352828368544578552e-02
-1.366709917783737183e-02 -1.346024498343467712e-02
-1.379752904176712036e-02 -1.328679174184799194e-02
-1.376765221357345581e-02 -1.318268850445747375e-02
-1.357819139957427979e-02 -1.308685168623924255e-02
-1.337415724992752075e-02 -1.298300921916961670e-02
-1.343808323144912720e-02 -1.294238865375518799e-02
-1.337721943855285645e-02 -1.285836845636367798e-02
-1.311424374580383301e-02 -1.273598521947860718e-02
-1.294698566198348999e-02 -1.262989640235900879e-02
-1.288196444511413574e-02 -1.248598471283912659e-02
-1.283344998955726624e-02 -1.242792978882789612e-02
-1.255957409739494324e-02 -1.223110780119895935e-02
-1.250438392162322998e-02 -1.217249035835266113e-02
-1.255964115262031555e-02 -1.204593852162361145e-02
-1.257941871881484985e-02 -1.187134534120559692e-02
-1.222334429621696472e-02 -1.179227232933044434e-02
-1.211851462721824646e-02 -1.171142607927322388e-02
-1.216294243931770325e-02 -1.171521469950675964e-02
-1.212777942419052124e-02 -1.153779402375221252e-02
-1.175697147846221924e-02 -1.143325120210647583e-02
-1.161960139870643616e-02 -1.143039762973785400e-02
-1.162099838256835938e-02 -1.142915710806846619e-02
-1.167337223887443542e-02 -1.123562455177307129e-02
-1.133770868182182312e-02 -1.112300157546997070e-02
-1.123878359794616699e-02 -1.101128384470939636e-02
-1.140638813376426697e-02 -1.097714528441429138e-02
-1.144980266690254211e-02 -1.076890900731086731e-02
-1.119265332818031311e-02 -1.068056747317314148e-02
-1.110568642616271973e-02 -1.061815395951271057e-02
-1.116095483303070068e-02 -1.058718562126159668e-02
-1.113456115126609802e-02 -1.042185351252555847e-02
-1.083138212561607361e-02 -1.034385338425636292e-02
-1.070048660039901733e-02 -1.037345826625823975e-02
-1.066536828875541687e-02 -1.034907996654510498e-02
-1.067145541310310364e-02 -1.018091291189193726e-02
-1.038127392530441284e-02 -1.001910120248794556e-02
-1.030815392732620239e-02 -9.994104504585266113e-03
-1.035708189010620117e-02 -9.945180267095565796e-03
-1.031067967414855957e-02 -9.718306362628936768e-03
-1.009871810674667358e-02 -9.578455239534378052e-03
-1.000656560063362122e-02 -9.592156857252120972e-03
-1.007314026355743408e-02 -9.647708386182785034e-03
-1.001344621181488037e-02 -9.449023753404617310e-03
-9.749568998813629150e-03 -9.402614086866378784e-03
-9.698860347270965576e-03 -9.490732103586196899e-03
-9.780298918485641479e-03 -9.525373578071594238e-03
-9.725961834192276001e-03 -9.346134960651397705e-03
-9.454578161239624023e-03 -9.208016097545623779e-03
-9.394671767950057983e-03 -9.239383041858673096e-03
-9.487733244895935059e-03 -9.163498878479003906e-03
-9.353157132863998413e-03 -8.914064615964889526e-03
-9.091351181268692017e-03 -8.751060813665390015e-03
-9.012833237648010254e-03 -8.813641965389251709e-03
-9.150564670562744141e-03 -8.756976574659347534e-03
-9.050004184246063232e-03 -8.611138910055160522e-03
-8.869253098964691162e-03 -8.452717214822769165e-03
-8.814308792352676392e-03 -8.590728044509887695e-03
-8.978188037872314453e-03 -8.588459342718124390e-03
-8.871275931596755981e-03 -8.403066545724868774e-03
-8.674863725900650024e-03 -8.273787796497344971e-03
-8.615996688604354858e-03 -8.298825472593307495e-03
-8.757386356592178345e-03 -8.252505213022232056e-03
-8.589129894971847534e-03 -8.028708398342132568e-03
-8.380301296710968018e-03 -7.887553423643112183e-03
-8.286710828542709351e-03 -7.988285273313522339e-03
-8.449450135231018066e-03 -8.009307086467742920e-03
-8.307080715894699097e-03 -7.827788591384887695e-03
-8.134510368108749390e-03 -7.740374654531478882e-03
-8.091628551483154297e-03 -7.854700088500976562e-03
-8.222207427024841309e-03 -7.908761501312255859e-03
-8.127998560667037964e-03 -7.670622318983078003e-03
-7.956117391586303711e-03 -7.592525333166122437e-03
-7.887132465839385986e-03 -7.631663233041763306e-03
-7.978525012731552124e-03 -7.581550627946853638e-03
-7.782749831676483154e-03 -7.372822612524032593e-03
-7.572792470455169678e-03 -7.238142192363739014e-03
-7.558893412351608276e-03 -7.336962968111038208e-03
-7.660862058401107788e-03 -7.339630275964736938e-03
-7.478401064872741699e-03 -7.146481424570083618e-03
-7.278732955455780029e-03 -7.061064243316650391e-03
-7.310435175895690918e-03 -7.123459130525588989e-03
-7.474455982446670532e-03 -7.110781967639923096e-03
-7.304694503545761108e-03 -6.946664303541183472e-03
-7.103133946657180786e-03 -6.893791258335113525e-03
-7.132992148399353027e-03 -7.005494087934494019e-03
-7.278542965650558472e-03 -6.940308958292007446e-03
-7.116042077541351318e-03 -6.786357611417770386e-03
-6.898347288370132446e-03 -6.717395037412643433e-03
-6.919506937265396118e-03 -6.872091442346572876e-03
-7.025234401226043701e-03 -6.784874945878982544e-03
-6.915811449289321899e-03 -6.571106612682342529e-03
-6.688613444566726685e-03 -6.481468677520751953e-03
-6.774794310331344604e-03 -6.620470434427261353e-03
-6.845090538263320923e-03 -6.497114896774291992e-03
-6.690796464681625366e-03 -6.287533789873123169e-03
-6.423875689506530762e-03 -6.252963095903396606e-03
-6.535261869430541992e-03 -6.377913057804107666e-03
-6.581664085388183594e-03 -6.288796663284301758e-03
-6.416250020265579224e-03 -6.190322339534759521e-03
-6.185073405504226685e-03 -6.160903722047805786e-03
-6.303705275058746338e-03 -6.329383701086044312e-03
-6.396904587745666504e-03 -6.202924996614456177e-03
-6.255019456148147583e-03 -6.011344492435455322e-03
-6.052087992429733276e-03 -5.963612347841262817e-03
-6.194248795509338379e-03 -6.053477525711059570e-03
-6.268393248319625854e-03 -5.911234766244888306e-03
-6.117731332778930664e-03 -5.700003355741500854e-03
-5.890045315027236938e-03 -5.759075284004211426e-03
-6.007954478263854980e-03 -5.869083106517791748e-03
-6.120584905147552490e-03 -5.828915163874626160e-03
-5.932796746492385864e-03 -5.688693374395370483e-03
-5.732621997594833374e-03 -5.794435739517211914e-03
-5.870971828699111938e-03 -5.866575986146926880e-03
-5.965989083051681519e-03 -5.791934207081794739e-03
-5.758054554462432861e-03 -5.518097430467605591e-03
-5.516778677701950073e-03 -5.568105727434158325e-03
-5.602832883596420288e-03 -5.586083978414535522e-03
-5.668267607688903809e-03 -5.433786660432815552e-03
-5.489401519298553467e-03 -5.182502791285514832e-03
-5.234584212303161621e-03 -5.282862111926078796e-03
-5.393855273723602295e-03 -5.401605740189552307e-03
-5.482830107212066650e-03 -5.330430343747138977e-03
-5.333881825208663940e-03 -5.138894543051719666e-03
-5.224376916885375977e-03 -5.311839282512664795e-03
-5.364559590816497803e-03 -5.459718406200408936e-03
-5.427677184343338013e-03 -5.304919555783271790e-03
-5.256611853837966919e-03 -5.069816485047340393e-03
-5.085248500108718872e-03 -5.141887813806533813e-03
-5.179949104785919189e-03 -5.214156582951545715e-03
-5.211550742387771606e-03 -5.064230412244796753e-03
-4.972290247678756714e-03 -4.828153178095817566e-03
-4.818003624677658081e-03 -4.930341616272926331e-03
-4.955556243658065796e-03 -5.017975345253944397e-03
-5.055259913206100464e-03 -4.916340112686157227e-03
-4.854395985603332520e-03 -4.734169691801071167e-03
-4.758313298225402832e-03 -4.854409024119377136e-03
-4.952281713485717773e-03 -4.963777959346771240e-03
-4.993610084056854248e-03 -4.755752161145210266e-03
-4.715744405984878540e-03 -4.614029079675674438e-03
-4.585772752761840820e-03 -4.691416397690773010e-03
-4.699483513832092285e-03 -4.772672429680824280e-03
-4.713740199804306030e-03 -4.592338576912879944e-03
-4.426777362823486328e-03 -4.467908293008804321e-03
-4.402440041303634644e-03 -4.565777257084846497e-03
-4.536386579275131226e-03 -4.729045554995536804e-03
-4.643063992261886597e-03 -4.534052684903144836e-03
-4.409782588481903076e-03 -4.448696970939636230e-03
-4.388887435197830200e-03 -4.519980400800704956e-03
-4.564050585031509399e-03 -4.633361473679542542e-03
-4.624262452125549316e-03 -4.381095990538597107e-03
-4.307005554437637329e-03 -4.277227446436882019e-03
-4.184573888778686523e-03 -4.337707534432411194e-03
-4.275787621736526489e-03 -4.424504935741424561e-03
-4.320766776800155640e-03 -4.222378134727478027e-03
-4.077803343534469604e-03 -4.125781357288360596e-03
-3.987275063991546631e-03 -4.215871915221214294e-03
-4.189960658550262451e-03 -4.336984828114509583e-03
-4.235349595546722412e-03 -4.081260412931442261e-03
-4.053849726915359497e-03 -3.998618572950363159e-03
-4.039190709590911865e-03 -4.092035815119743347e-03
-4.204489290714263916e-03 -4.157481715083122253e-03
-4.211254417896270752e-03 -3.982620313763618469e-03
-3.920026123523712158e-03 -3.835890442132949829e-03
-3.876205533742904663e-03 -4.056962206959724426e-03
-3.982465714216232300e-03 -4.092883318662643433e-03
-3.953821957111358643e-03 -3.948729485273361206e-03
-3.689680248498916626e-03 -3.811782225966453552e-03
-3.666181117296218872e-03 -3.996681421995162964e-03
-3.803472965955734253e-03 -4.014359787106513977e-03
-3.813963383436203003e-03 -3.815431147813796997e-03
-3.637436777353286743e-03 -3.649597987532615662e-03
-3.627341240644454956e-03 -3.798183053731918335e-03
-3.760274499654769897e-03 -3.840779885649681091e-03
-3.716286271810531616e-03 -3.629555925726890564e-03
-3.489740192890167236e-03 -3.530219197273254395e-03
-3.480799496173858643e-03 -3.719266504049301147e-03
-3.662519156932830811e-03 -3.797840327024459839e-03
-3.620754927396774292e-03 -3.633119165897369385e-03
-3.430936485528945923e-03 -3.534749150276184082e-03
-3.436073660850524902e-03 -3.693228587508201599e-03
-3.630626946687698364e-03 -3.692690283060073853e-03
-3.559418022632598877e-03 -3.519494086503982544e-03
-3.376934677362442017e-03 -3.409834578633308411e-03
-3.302551805973052979e-03 -3.557842224836349487e-03
-3.488406538963317871e-03 -3.607021644711494446e-03
-3.355432301759719849e-03 -3.434320911765098572e-03
-3.203049302101135254e-03 -3.366461023688316345e-03
-3.144692629575729370e-03 -3.538999706506729126e-03
-3.338947892189025879e-03 -3.568043932318687439e-03
-3.253661096096038818e-03 -3.345610573887825012e-03
-3.097750246524810791e-03 -3.264874219894409180e-03
-3.106560558080673218e-03 -3.358596935868263245e-03
-3.282532095909118652e-03 -3.361092880368232727e-03
-3.189176321029663086e-03 -3.121135756373405457e-03
-3.060590475797653198e-03 -3.053613007068634033e-03
-3.000818192958831787e-03 -3.194514662027359009e-03
-3.165055066347122192e-03 -3.286121413111686707e-03
-3.078386187553405762e-03 -3.112470731139183044e-03
-2.924680709838867188e-03 -3.103679046034812927e-03
-2.896297723054885864e-03 -3.313006833195686340e-03
-3.024760633707046509e-03 -3.348823636770248413e-03
-3.015715628862380981e-03 -3.152318298816680908e-03
-2.827808260917663574e-03 -3.065329045057296753e-03
-2.855218946933746338e-03 -3.225095570087432861e-03
-2.947803586721420288e-03 -3.174327313899993896e-03
-2.854190766811370850e-03 -2.933345735073089600e-03
-2.712696790695190430e-03 -2.850929275155067444e-03
-2.731133252382278442e-03 -3.009485080838203430e-03
-2.827849239110946655e-03 -3.048622980713844299e-03
-2.761915326118469238e-03 -2.889391034841537476e-03
-2.640645951032638550e-03 -2.853622660040855408e-03
-2.728711813688278198e-03 -3.042630851268768311e-03
-2.805329859256744385e-03 -3.056197427213191986e-03
-2.774715423583984375e-03 -2.916976809501647949e-03
-2.614215016365051270e-03 -2.833111211657524109e-03
-2.690110355615615845e-03 -2.964432351291179657e-03
-2.682186663150787354e-03 -2.958858385682106018e-03
-2.602547407150268555e-03 -2.782233059406280518e-03
-2.455610781908035278e-03 -2.747043967247009277e-03
-2.519838511943817139e-03 -2.868197858333587646e-03
-2.536088228225708008e-03 -2.906315959990024567e-03
-2.491645514965057373e-03 -2.718819305300712585e-03
-2.422288060188293457e-03 -2.672819420695304871e-03
-2.469629049301147461e-03 -2.761761657893657684e-03
-2.535782754421234131e-03 -2.771321684122085571e-03
-2.449668943881988525e-03 -2.567490562796592712e-03
-2.363417297601699829e-03 -2.505061216652393341e-03
-2.392563968896865845e-03 -2.607789821922779083e-03
-2.396021038293838501e-03 -2.585477195680141449e-03
-2.279106527566909790e-03 -2.456892281770706177e-03
-2.201531082391738892e-03 -2.486372366547584534e-03
-2.264812588691711426e-03 -2.688736654818058014e-03
-2.299994230270385742e-03 -2.722658216953277588e-03
-2.235826104879379272e-03 -2.554141916334629059e-03
-2.151980996131896973e-03 -2.571140415966510773e-03
-2.252053469419479370e-03 -2.678307704627513885e-03
-2.235919237136840820e-03 -2.643351443111896515e-03
-2.150362357497215271e-03 -2.445494756102561951e-03
-2.061894163489341736e-03 -2.397697418928146362e-03
-2.127984538674354553e-03 -2.486295066773891449e-03
-2.071604132652282715e-03 -2.499017864465713501e-03
-1.999406144022941589e-03 -2.354879863560199738e-03
-1.943230628967285156e-03 -2.376180142164230347e-03
-2.058211714029312134e-03 -2.506366930902004242e-03
-2.108953893184661865e-03 -2.544447779655456543e-03
-2.023451030254364014e-03 -2.408994361758232117e-03
-2.040829509496688843e-03 -2.375280484557151794e-03
-2.163268625736236572e-03 -2.482427284121513367e-03
-2.181874588131904602e-03 -2.436293289065361023e-03
-2.053171396255493164e-03 -2.273664809763431549e-03
-1.984296366572380066e-03 -2.241772599518299103e-03
-2.003127709031105042e-03 -2.368433400988578796e-03
-1.973951235413551331e-03 -2.334111370146274567e-03
-1.826995983719825745e-03 -2.227103337645530701e-03
-1.765614375472068787e-03 -2.234306186437606812e-03
-1.805672422051429749e-03 -2.375659532845020294e-03
-1.841111108660697937e-03 -2.320720814168453217e-03
-1.750599592924118042e-03 -2.171483822166919708e-03
-1.764154061675071716e-03 -2.159518189728260040e-03
-1.864768564701080322e-03 -2.236052416265010834e-03
-1.905357465147972107e-03 -2.157318405807018280e-03
-1.815654337406158447e-03 -1.999120227992534637e-03
-1.810180023312568665e-03 -2.010986208915710449e-03
-1.847865059971809387e-03 -2.156108617782592773e-03
-1.891979947686195374e-03 -2.131350338459014893e-03
-1.755071803927421570e-03 -2.015954814851284027e-03
-1.729572191834449768e-03 -2.072348259389400482e-03
-1.749834045767784119e-03 -2.230482175946235657e-03
-1.784361898899078369e-03 -2.176857553422451019e-03
-1.654606312513351440e-03 -2.014730125665664673e-03
-1.603951677680015564e-03 -1.993547193706035614e-03
-1.624913886189460754e-03 -2.084271982312202454e-03
-1.657081767916679382e-03 -2.036295831203460693e-03
-1.567004248499870300e-03 -1.883678138256072998e-03
-1.520005986094474792e-03 -1.891044899821281433e-03
-1.569623127579689026e-03 -2.049066126346588135e-03
-1.586018130183219910e-03 -2.015620470046997070e-03
-1.538392156362533569e-03 -1.912245526909828186e-03
-1.561447978019714355e-03 -1.938821747899055481e-03
-1.578949391841888428e-03 -2.074321731925010681e-03
-1.636808738112449646e-03 -2.009057439863681793e-03
-1.550028100609779358e-03 -1.839179545640945435e-03
-1.551460474729537964e-03 -1.856371760368347168e-03
-1.563156023621559143e-03 -1.953634433448314667e-03
-1.507075503468513489e-03 -1.891862601041793823e-03
-1.415887847542762756e-03 -1.761940307915210724e-03
-1.396156847476959229e-03 -1.807563938200473785e-03
-1.396575942635536194e-03 -1.936847344040870667e-03
-1.382973045110702515e-03 -1.921961084008216858e-03
-1.348827034235000610e-03 -1.795524731278419495e-03
-1.362841576337814331e-03 -1.830928027629852295e-03
-1.472117379307746887e-03 -1.926039345562458038e-03
-1.472039148211479187e-03 -1.846451312303543091e-03
-1.484068110585212708e-03 -1.693902537226676941e-03
-1.463919878005981445e-03 -1.699251122772693634e-03
-1.491339877247810364e-03 -1.777608878910541534e-03
-1.443484798073768616e-03 -1.718956045806407928e-03
-1.380257308483123779e-03 -1.608419232070446014e-03
-1.310136169195175171e-03 -1.651441678404808044e-03
-1.331940293312072754e-03 -1.773012802004814148e-03
-1.245237886905670166e-03 -1.742331311106681824e-03
-1.217568293213844299e-03 -1.661602407693862915e-03
-1.177685335278511047e-03 -1.709191128611564636e-03
-1.225085929036140442e-03 -1.796138472855091095e-03
-1.202309504151344299e-03 -1.715294085443019867e-03
-1.179497689008712769e-03 -1.593362074345350266e-03
-1.185255125164985657e-03 -1.662497874349355698e-03
-1.215431839227676392e-03 -1.698159612715244293e-03
-1.193134114146232605e-03 -1.646009739488363266e-03
-1.192288473248481750e-03 -1.487960573285818100e-03
-1.193817704916000366e-03 -1.571389380842447281e-03
-1.240707933902740479e-03 -1.625839620828628540e-03
-1.211998984217643738e-03 -1.588453538715839386e-03
-1.219294965267181396e-03 -1.472501549869775772e-03
-1.218384131789207458e-03 -1.539732329547405243e-03
-1.254782080650329590e-03 -1.639860216528177261e-03
-1.226054504513740540e-03 -1.569800544530153275e-03
-1.170475035905838013e-03 -1.460389234125614166e-03
-1.112394034862518311e-03 -1.511395908892154694e-03
-1.097938045859336853e-03 -1.591593958437442780e-03
-1.069348305463790894e-03 -1.489402726292610168e-03
-1.017857342958450317e-03 -1.384824980050325394e-03
-9.799320250749588013e-04 -1.448791008442640305e-03
-9.959246963262557983e-04 -1.533412840217351913e-03
-1.018211245536804199e-03 -1.454614102840423584e-03
-1.024371013045310974e-03 -1.377261243760585785e-03
-1.043628901243209839e-03 -1.453598495572805405e-03
-1.054152846336364746e-03 -1.564950682222843170e-03
-1.087708398699760437e-03 -1.487249508500099182e-03
-1.053404062986373901e-03 -1.380835194140672684e-03
-1.030215993523597717e-03 -1.417192630469799042e-03
-9.965077042579650879e-04 -1.531033311039209366e-03
-9.825807064771652222e-04 -1.422885805368423462e-03
-9.455177932977676392e-04 -1.309983897954225540e-03
-9.370278567075729370e-04 -1.354272011667490005e-03
-8.924454450607299805e-04 -1.487458124756813049e-03
-9.410828351974487305e-04 -1.411857549101114273e-03
-9.270906448364257812e-04 -1.330755185335874557e-03
-9.457822889089584351e-04 -1.361577305942773819e-03
-9.392853826284408569e-04 -1.480186823755502701e-03
-9.730886667966842651e-04 -1.400822773575782776e-03
-9.483676403760910034e-04 -1.301895361393690109e-03
-9.328834712505340576e-04 -1.313060056418180466e-03
-8.546132594347000122e-04 -1.380815170705318451e-03
-8.574090898036956787e-04 -1.307920087128877640e-03
-8.550547063350677490e-04 -1.180803868919610977e-03
-8.166711777448654175e-04 -1.219156663864850998e-03
-7.918551564216613770e-04 -1.295741647481918335e-03
-8.187182247638702393e-04 -1.274212263524532318e-03
-8.630286902189254761e-04 -1.188204623758792877e-03
-8.648484945297241211e-04 -1.245934981852769852e-03
-8.457116782665252686e-04 -1.328445971012115479e-03
-8.891988545656204224e-04 -1.298112329095602036e-03
-9.095463901758193970e-04 -1.228630077093839645e-03
-8.995234966278076172e-04 -1.263051293790340424e-03
-8.336734026670455933e-04 -1.323352102190256119e-03
-8.234456181526184082e-04 -1.257973257452249527e-03
-8.335225284099578857e-04 -1.194577664136886597e-03
-8.069276809692382812e-04 -1.198987010866403580e-03
-7.568039000034332275e-04 -1.250324305146932602e-03
-7.574949413537979126e-04 -1.168211922049522400e-03
-7.900241762399673462e-04 -1.061466988176107407e-03
-7.493533194065093994e-04 -1.059445086866617203e-03
-7.279776036739349365e-04 -1.104018185287714005e-03
-6.909724324941635132e-04 -1.067476812750101089e-03
-7.349140942096710205e-04 -9.857215918600559235e-04
-7.001049816608428955e-04 -1.060668379068374634e-03
-6.731115281581878662e-04 -1.135715283453464508e-03
-6.681513041257858276e-04 -1.160989049822092056e-03
-7.099732756614685059e-04 -1.095322892069816589e-03
-7.245168089866638184e-04 -1.166931819170713425e-03
-7.225051522254943848e-04 -1.227656845003366470e-03
-7.217302918434143066e-04 -1.195492688566446304e-03
-7.742922753095626831e-04 -1.070452388375997543e-03
-7.558390498161315918e-04 -1.077626366168260574e-03
-7.308647036552429199e-04 -1.109174918383359909e-03
-6.997976452112197876e-04 -1.060380600392818451e-03
-6.758589297533035278e-04 -9.399289265275001526e-04
-6.231628358364105225e-04 -9.729405865073204041e-04
-5.582645535469055176e-04 -1.053323037922382355e-03
-5.628187209367752075e-04 -1.058297231793403625e-03
-5.716234445571899414e-04 -1.001987606287002563e-03
-5.834028124809265137e-04 -1.039431430399417877e-03
-5.996152758598327637e-04 -1.110316254198551178e-03
-6.366875022649765015e-04 -1.081875059753656387e-03
-6.919670850038528442e-04 -9.987307712435722351e-04
-6.957314908504486084e-04 -9.679999202489852905e-04
-6.659440696239471436e-04 -1.001063268631696701e-03
-6.581563502550125122e-04 -9.504994377493858337e-04
-6.381478160619735718e-04 -8.999342098832130432e-04
-5.785245448350906372e-04 -8.979639969766139984e-04
-5.360320210456848145e-04 -9.503099136054515839e-04
-5.128979682922363281e-04 -9.300494566559791565e-04
-5.048532038927078247e-04 -9.479336440563201904e-04
-5.111228674650192261e-04 -9.783995337784290314e-04
-5.150139331817626953e-04 -1.044821459800004959e-03
-5.508530884981155396e-04 -1.008571125566959381e-03
-5.881227552890777588e-04 -9.536235593259334564e-04
-5.918517708778381348e-04 -9.483718313276767731e-04
-5.944781005382537842e-04 -9.546410292387008667e-04
-5.786716938018798828e-04 -8.935420773923397064e-04
-5.736593157052993774e-04 -8.208272047340869904e-04
-5.297567695379257202e-04 -8.228947408497333527e-04
-4.980042576789855957e-04 -8.487682789564132690e-04
-4.804115742444992065e-04 -8.312547579407691956e-04
-4.899315536022186279e-04 -8.269464597105979919e-04
-4.796106368303298950e-04 -8.718646131455898285e-04
-5.003176629543304443e-04 -9.297952055931091309e-04
-5.107801407575607300e-04 -8.938126266002655029e-04
-5.102846771478652954e-04 -8.667418733239173889e-04
-4.778113216161727905e-04 -9.129694662988185883e-04
-4.612784832715988159e-04 -9.053000248968601227e-04
-4.551075398921966553e-04 -8.336319588124752045e-04
-4.450846463441848755e-04 -7.693236693739891052e-04
-4.437584429979324341e-04 -8.027618750929832458e-04
-4.232656210660934448e-04 -8.220551535487174988e-04
-4.828926175832748413e-04 -7.594982162117958069e-04
-4.909206181764602661e-04 -7.185922004282474518e-04
-5.141049623489379883e-04 -7.721888832747936249e-04
-5.022361874580383301e-04 -8.115270175039768219e-04
-4.954338073730468750e-04 -7.530697621405124664e-04
-4.477221518754959106e-04 -7.133125327527523041e-04
-4.206243902444839478e-04 -7.181842811405658722e-04
-3.442429006099700928e-04 -7.668631151318550110e-04
-3.221388906240463257e-04 -7.113208994269371033e-04
-2.876743674278259277e-04 -6.710146553814411163e-04
-2.921205013990402222e-04 -7.251519709825515747e-04
-3.534909337759017944e-04 -8.032354526221752167e-04
-3.998894244432449341e-04 -7.848963141441345215e-04
-4.464536905288696289e-04 -7.578227669000625610e-04
-4.995949566364288330e-04 -8.110180497169494629e-04
-5.508027970790863037e-04 -8.508241735398769379e-04
-5.458649247884750366e-04 -7.972391322255134583e-04
-4.756618291139602661e-04 -7.166420109570026398e-04
-4.114285111427307129e-04 -7.195803336799144745e-04
-3.918483853340148926e-04 -7.236856035888195038e-04
-3.485959023237228394e-04 -6.793369539082050323e-04
-2.991035580635070801e-04 -5.952632054686546326e-04
-2.822894603013992310e-04 -6.388737820088863373e-04
-3.262776881456375122e-04 -6.796563975512981415e-04
-3.646928817033767700e-04 -6.789024919271469116e-04
-3.968179225921630859e-04 -6.385152228176593781e-04
-4.251170903444290161e-04 -6.585703231394290924e-04
-4.471745342016220093e-04 -6.822613067924976349e-04
-4.364941269159317017e-04 -6.655445322394371033e-04
-3.783423453569412231e-04 -6.296182982623577118e-04
-3.281459212303161621e-04 -6.562415510416030884e-04
-3.071185201406478882e-04 -6.692623719573020935e-04
-2.788752317428588867e-04 -6.644953973591327667e-04
-2.391897141933441162e-04 -6.564613431692123413e-04
-2.439953386783599854e-04 -7.008574903011322021e-04
-3.046803176403045654e-04 -7.349201478064060211e-04
-3.401860594749450684e-04 -7.015154697000980377e-04
-3.568716347217559814e-04 -6.656860932707786560e-04
-3.927741199731826782e-04 -6.739022210240364075e-04
-4.291590303182601929e-04 -7.070968858897686005e-04
-4.334487020969390869e-04 -6.592832505702972412e-04
-3.900993615388870239e-04 -6.278725340962409973e-04
-3.570709377527236938e-04 -6.435043178498744965e-04
-3.621242940425872803e-04 -6.856792606413364410e-04
-3.248099237680435181e-04 -6.740442477166652679e-04
-2.952218055725097656e-04 -6.850934587419033051e-04
-2.923198044300079346e-04 -7.114624604582786560e-04
-3.141686320304870605e-04 -7.187807932496070862e-04
-3.229361027479171753e-04 -6.852271035313606262e-04
-3.111325204372406006e-04 -6.458791904151439667e-04
-3.132522106170654297e-04 -6.608907133340835571e-04
-3.656335175037384033e-04 -6.610420532524585724e-04
-3.550816327333450317e-04 -6.204210221767425537e-04
-3.302562981843948364e-04 -6.265258416533470154e-04
-3.259517252445220947e-04 -6.603794172406196594e-04
-3.582481294870376587e-04 -7.013422437012195587e-04
-3.766603767871856689e-04 -6.747962906956672668e-04
-3.450941294431686401e-04 -6.999000906944274902e-04
-3.524590283632278442e-04 -7.440038025379180908e-04
-3.620311617851257324e-04 -7.523894309997558594e-04
-3.958195447921752930e-04 -7.212264463305473328e-04
-3.576166927814483643e-04 -7.152049802243709564e-04
-3.620069473981857300e-04 -7.589496672153472900e-04
-3.676917403936386108e-04 -7.648305036127567291e-04
-3.720801323652267456e-04 -7.430380210280418396e-04
-3.676898777484893799e-04 -7.427101954817771912e-04
-3.841426223516464233e-04 -8.120788261294364929e-04
-4.074089229106903076e-04 -8.055223152041435242e-04
-3.743134438991546631e-04 -7.675057277083396912e-04
-3.750659525394439697e-04 -7.327049970626831055e-04
-3.786534070968627930e-04 -7.798415608704090118e-04
-3.931540995836257935e-04 -7.772915996611118317e-04
-3.529638051986694336e-04 -7.281750440597534180e-04
-3.375746309757232666e-04 -7.185209542512893677e-04
-3.584530204534530640e-04 -8.076592348515987396e-04
-3.726631402969360352e-04 -8.484208956360816956e-04
-3.671888262033462524e-04 -8.532283827662467957e-04
-3.931615501642227173e-04 -8.961553685367107391e-04
-4.343967884778976440e-04 -9.750188328325748444e-04
-4.888977855443954468e-04 -1.000717747956514359e-03
-4.835370928049087524e-04 -9.668380953371524811e-04
-5.000866949558258057e-04 -9.795431979000568390e-04
-5.498472601175308228e-04 -9.933351539075374603e-04
-5.662757903337478638e-04 -1.011449377983808517e-03
-5.233865231275558472e-04 -9.417007677257061005e-04
-5.118083208799362183e-04 -9.692525491118431091e-04
-5.548950284719467163e-04 -1.028983388096094131e-03
-5.810298025608062744e-04 -1.095691230148077011e-03
-5.659647285938262939e-04 -1.102823764085769653e-03
-5.587749183177947998e-04 -1.122332643717527390e-03
-6.074793636798858643e-04 -1.203187741339206696e-03
-6.208792328834533691e-04 -1.226168125867843628e-03
-6.007757037878036499e-04 -1.208793371915817261e-03
-5.767215043306350708e-04 -1.192769501358270645e-03
-6.005968898534774780e-04 -1.219647470861673355e-03
-6.107967346906661987e-04 -1.224966254085302353e-03
-5.946848541498184204e-04 -1.173377037048339844e-03
-6.050392985343933105e-04 -1.194960903376340866e-03
-6.547365337610244751e-04 -1.264949329197406769e-03
-7.121618837118148804e-04 -1.321337185800075531e-03
-7.214881479740142822e-04 -1.331340055912733078e-03
-7.472541183233261108e-04 -1.371071208268404007e-03
-8.081737905740737915e-04 -1.455513294786214828e-03
-8.542798459529876709e-04 -1.474627759307622910e-03
-8.625276386737823486e-04 -1.492477022111415863e-03
-8.765067905187606812e-04 -1.521164085716009140e-03
-9.261798113584518433e-04 -1.575196161866188049e-03
-9.444467723369598389e-04 -1.603683922439813614e-03
-9.707976132631301880e-04 -1.606470905244350433e-03
-9.939130395650863647e-04 -1.640314236283302307e-03
-1.037511974573135376e-03 -1.696601044386625290e-03
-1.025624573230743408e-03 -1.724049448966979980e-03
-1.025250181555747986e-03 -1.738022547215223312e-03
-1.033991575241088867e-03 -1.753599382936954498e-03
-1.084581017494201660e-03 -1.811618916690349579e-03
-1.071387901902198792e-03 -1.828416716307401657e-03
-1.078600063920021057e-03 -1.831728965044021606e-03
