0.000000000000000000e+00 0.000000000000000000e+00
0.000000000000000000e+00 0.000000000000000000e+00
0.000000000000000000e+00 0.000000000000000000e+00
3.427782561630010605e-03 3.427782561630010605e-03
1.386127201840281487e-03 1.386127201840281487e-03
4.418711178004741669e-03 4.418711178004741669e-03
2.421849174425005913e-03 2.421849174425005913e-03
3.083460265770554543e-03 3.083460265770554543e-03
3.796393983066082001e-03 3.796393983066082001e-03
5.806340835988521576e-03 5.806340835988521576e-03
5.643359385430812836e-03 5.643359385430812836e-03
6.651731673628091812e-03 6.651731673628091812e-03
8.165043778717517853e-03 8.165043778717517853e-03
1.044609677046537399e-02 1.044609677046537399e-02
1.171308569610118866e-02 1.171308569610118866e-02
1.374140288680791855e-02 1.374140288680791855e-02
1.667169108986854553e-02 1.667169108986854553e-02
2.008355781435966492e-02 2.008355781435966492e-02
2.350068092346191406e-02 2.350068092346191406e-02
2.759420871734619141e-02 2.759420871734619141e-02
3.290049731731414795e-02 3.290049731731414795e-02
3.915441781282424927e-02 3.915441781282424927e-02
4.602388292551040649e-02 4.602388292551040649e-02
5.400667712092399597e-02 5.400667712092399597e-02
6.389041244983673096e-02 6.389041244983673096e-02
7.543070614337921143e-02 7.543070614337921143e-02
8.849997818470001221e-02 8.849997818470001221e-02
1.036857217550277710e-01 1.036857217550277710e-01
1.219118386507034302e-01 1.219118386507034302e-01
1.430708169937133789e-01 1.430708169937133789e-01
1.673189997673034668e-01 1.673189997673034668e-01
1.954625248908996582e-01 1.954625248908996582e-01
2.286033630371093750e-01 2.286033630371093750e-01
2.669322788715362549e-01 2.669322788715362549e-01
3.110021948814392090e-01 3.110021948814392090e-01
3.619858026504516602e-01 3.619858026504516602e-01
4.213162958621978760e-01 4.213162958621978760e-01
4.896891117095947266e-01 4.896891117095947266e-01
5.682402849197387695e-01 5.682402849197387695e-01
6.587305665016174316e-01 6.587305665016174316e-01
7.631865143775939941e-01 7.631865143775939941e-01
8.830956220626831055e-01 8.830956220626831055e-01
1.020475268363952637e+00 1.020475268363952637e+00
1.178011655807495117e+00 1.178011655807495117e+00
1.358719348907470703e+00 1.358719348907470703e+00
1.565295815467834473e+00 1.565295815467834473e+00
1.801086425781250000e+00 1.801086425781250000e+00
2.070215225219726562e+00 2.070215225219726562e+00
2.377238273620605469e+00 2.377238273620605469e+00
2.726675748825073242e+00 2.726675748825073242e+00
3.123854160308837891e+00 3.123854160308837891e+00
3.575045585632324219e+00 3.575045585632324219e+00
4.087158679962158203e+00 4.087158679962158203e+00
4.667357444763183594e+00 4.667359828948974609e+00
5.323897838592529297e+00 5.323895454406738281e+00
6.066160678863525391e+00 6.066161632537841797e+00
6.904500007629394531e+00 6.904498100280761719e+00
7.849878311157226562e+00 7.849880218505859375e+00
8.914679527282714844e+00 8.914673805236816406e+00
1.011275005340576172e+01 1.011275577545166016e+01
1.145928382873535156e+01 1.145928287506103516e+01
1.297053337097167969e+01 1.297053718566894531e+01
1.466460227966308594e+01 1.466460037231445312e+01
1.656145477294921875e+01 1.656146240234375000e+01
1.868293952941894531e+01 1.868293380737304688e+01
2.105239105224609375e+01 2.105239677429199219e+01
2.369562149047851562e+01 2.369561386108398438e+01
2.664073944091796875e+01 2.664073371887207031e+01
2.991831207275390625e+01 2.991830062866210938e+01
3.356087112426757812e+01 3.356089401245117188e+01
3.760444259643554688e+01 3.760443115234375000e+01
4.208697891235351562e+01 4.208699035644531250e+01
4.705103683471679688e+01 4.705102920532226562e+01
5.253959274291992188e+01 5.253963470458984375e+01
5.860235977172851562e+01 5.860235595703125000e+01
6.528873443603515625e+01 6.528871917724609375e+01
7.265553283691406250e+01 7.265550231933593750e+01
8.075966644287109375e+01 8.075970458984375000e+01
8.966413879394531250e+01 8.966411590576171875e+01
9.943534851074218750e+01 9.943537902832031250e+01
1.101429214477539062e+02 1.101428985595703125e+02
1.218615875244140625e+02 1.218616027832031250e+02
1.346694183349609375e+02 1.346693725585937500e+02
1.486489868164062500e+02 1.486490478515625000e+02
1.638869628906250000e+02 1.638869476318359375e+02
1.804739379882812500e+02 1.804739990234375000e+02
1.985039672851562500e+02 1.985038146972656250e+02
2.180760803222656250e+02 2.180762023925781250e+02
2.392923583984375000e+02 2.392924804687500000e+02
2.622590332031250000e+02 2.622589111328125000e+02
2.870841064453125000e+02 2.870842895507812500e+02
3.138812866210937500e+02 3.138813171386718750e+02
3.427634582519531250e+02 3.427631835937500000e+02
3.738488769531250000e+02 3.738489379882812500e+02
4.072552490234375000e+02 4.072554931640625000e+02
4.431032714843750000e+02 4.431031494140625000e+02
4.815131225585937500e+02 4.815131530761718750e+02
5.226049804687500000e+02 5.226048583984375000e+02
5.664975585937500000e+02 5.664978027343750000e+02
6.133094482421875000e+02 6.133095703125000000e+02
6.631560668945312500e+02 6.631560668945312500e+02
7.161481933593750000e+02 7.161481933593750000e+02
7.723922119140625000e+02 7.723922119140625000e+02
8.319887695312500000e+02 8.319894409179687500e+02
8.950332641601562500e+02 8.950330200195312500e+02
9.616083984375000000e+02 9.616089477539062500e+02
1.031792724609375000e+03 1.031791870117187500e+03
1.105646850585937500e+03 1.105647460937500000e+03
1.183225341796875000e+03 1.183225341796875000e+03
1.264563964843750000e+03 1.264564453125000000e+03
1.349683593750000000e+03 1.349684326171875000e+03
1.438590454101562500e+03 1.438589843750000000e+03
1.531266845703125000e+03 1.531267211914062500e+03
1.627675537109375000e+03 1.627675415039062500e+03
1.727761352539062500e+03 1.727761718750000000e+03
1.831437866210937500e+03 1.831438720703125000e+03
1.938598144531250000e+03 1.938599243164062500e+03
2.049105957031250000e+03 2.049105957031250000e+03
2.162792480468750000e+03 2.162794189453125000e+03
2.279466796875000000e+03 2.279467773437500000e+03
2.398894042968750000e+03 2.398897460937500000e+03
2.520825439453125000e+03 2.520824707031250000e+03
2.644951416015625000e+03 2.644951416015625000e+03
2.770949462890625000e+03 2.770952636718750000e+03
2.898449707031250000e+03 2.898449951171875000e+03
3.027054443359375000e+03 3.027058349609375000e+03
3.156319091796875000e+03 3.156319580078125000e+03
3.285763183593750000e+03 3.285767822265625000e+03
3.414880859375000000e+03 3.414883056640625000e+03
3.543111572265625000e+03 3.543114990234375000e+03
3.669876220703125000e+03 3.669879882812500000e+03
3.794548095703125000e+03 3.794553710937500000e+03
3.916469726562500000e+03 3.916474609375000000e+03
4.034962402343750000e+03 4.034967773437500000e+03
4.149295898437500000e+03 4.149301757812500000e+03
4.258735839843750000e+03 4.258743652343750000e+03
4.362506347656250000e+03 4.362514648437500000e+03
4.459811035156250000e+03 4.459817871093750000e+03
4.549848144531250000e+03 4.549861816406250000e+03
4.631789062500000000e+03 4.631798828125000000e+03
4.704793457031250000e+03 4.704804199218750000e+03
4.768026855468750000e+03 4.768041015625000000e+03
4.820637695312500000e+03 4.820654785156250000e+03
4.861792480468750000e+03 4.861806152343750000e+03
4.890662597656250000e+03 4.890683593750000000e+03
4.906418945312500000e+03 4.906440429687500000e+03
4.908289062500000000e+03 4.908308593750000000e+03
4.895486328125000000e+03 4.895508789062500000e+03
4.867282226562500000e+03 4.867308593750000000e+03
4.822974609375000000e+03 4.823010742187500000e+03
4.761920898437500000e+03 4.761953125000000000e+03
4.683516601562500000e+03 4.683555664062500000e+03
4.587216796875000000e+03 4.587257812500000000e+03
4.472552734375000000e+03 4.472596679687500000e+03
4.339110351562500000e+03 4.339157226562500000e+03
4.186549804687500000e+03 4.186606445312500000e+03
4.014643554687500000e+03 4.014702148437500000e+03
3.823191406250000000e+03 3.823255859375000000e+03
3.612159179687500000e+03 3.612225585937500000e+03
3.381535156250000000e+03 3.381612304687500000e+03
3.131458984375000000e+03 3.131537109375000000e+03
2.862149414062500000e+03 2.862249023437500000e+03
2.573947265625000000e+03 2.574039062500000000e+03
2.267272460937500000e+03 2.267375976562500000e+03
1.942673828125000000e+03 1.942782226562500000e+03
1.600814453125000000e+03 1.600940429687500000e+03
1.242459960937500000e+03 1.242587890625000000e+03
8.684697265625000000e+02 8.686152343750000000e+02
4.798349609375000000e+02 4.799853515625000000e+02
7.763281250000000000e+01 7.779589843750000000e+01
-3.369365234375000000e+02 -3.367685546875000000e+02
-7.626142578125000000e+02 -7.624296875000000000e+02
-1.198009765625000000e+03 -1.197822265625000000e+03
-1.641676757812500000e+03 -1.641466796875000000e+03
-2.092056640625000000e+03 -2.091840820312500000e+03
-2.547554687500000000e+03 -2.547320312500000000e+03
-3.006494140625000000e+03 -3.006250000000000000e+03
-3.467128906250000000e+03 -3.466868164062500000e+03
-3.927692382812500000e+03 -3.927423828125000000e+03
-4.386358398437500000e+03 -4.386075195312500000e+03
-4.841304687500000000e+03 -4.841003906250000000e+03
-5.290640625000000000e+03 -5.290332031250000000e+03
-5.732531250000000000e+03 -5.732205078125000000e+03
-6.165096679687500000e+03 -6.164757812500000000e+03
-6.586508789062500000e+03 -6.586162109375000000e+03
-6.994942382812500000e+03 -6.994583007812500000e+03
-7.388631835937500000e+03 -7.388256835937500000e+03
-7.765841796875000000e+03 -7.765459960937500000e+03
-8.124923828125000000e+03 -8.124522460937500000e+03
-8.464277343750000000e+03 -8.463878906250000000e+03
-8.782398437500000000e+03 -8.781982421875000000e+03
-9.077864257812500000e+03 -9.077452148437500000e+03
-9.349368164062500000e+03 -9.348945312500000000e+03
-9.595703125000000000e+03 -9.595280273437500000e+03
-9.815779296875000000e+03 -9.815349609375000000e+03
-1.000863085937500000e+04 -1.000820898437500000e+04
-1.017342871093750000e+04 -1.017299218750000000e+04
-1.030946875000000000e+04 -1.030905859375000000e+04
-1.041621484375000000e+04 -1.041579296875000000e+04
-1.049321289062500000e+04 -1.049281445312500000e+04
-1.054024218750000000e+04 -1.053985058593750000e+04
-1.055714941406250000e+04 -1.055678417968750000e+04
-1.054397167968750000e+04 -1.054361230468750000e+04
-1.050088476562500000e+04 -1.050055371093750000e+04
-1.042819335937500000e+04 -1.042789355468750000e+04
-1.032637500000000000e+04 -1.032609863281250000e+04
-1.019602636718750000e+04 -1.019579101562500000e+04
-1.003783984375000000e+04 -1.003764062500000000e+04
-9.852740234375000000e+03 -9.852582031250000000e+03
-9.641640625000000000e+03 -9.641533203125000000e+03
-9.405688476562500000e+03 -9.405618164062500000e+03
-9.146034179687500000e+03 -9.146044921875000000e+03
-8.864034179687500000e+03 -8.864086914062500000e+03
-8.561015625000000000e+03 -8.561137695312500000e+03
-8.238475585937500000e+03 -8.238670898437500000e+03
-7.897947265625000000e+03 -7.898223632812500000e+03
-7.541013671875000000e+03 -7.541354492187500000e+03
-7.169320312500000000e+03 -7.169746093750000000e+03
-6.784542968750000000e+03 -6.785030273437500000e+03
-6.388369140625000000e+03 -6.388972656250000000e+03
-5.982554687500000000e+03 -5.983247070312500000e+03
-5.568828125000000000e+03 -5.569593750000000000e+03
-5.148845703125000000e+03 -5.149725585937500000e+03
-4.724395507812500000e+03 -4.725361328125000000e+03
-4.297107421875000000e+03 -4.298181640625000000e+03
-3.868669921875000000e+03 -3.869842773437500000e+03
-3.440666015625000000e+03 -3.441941406250000000e+03
-3.014664062500000000e+03 -3.016042968750000000e+03
-2.592160156250000000e+03 -2.593640625000000000e+03
-2.174625000000000000e+03 -2.176187500000000000e+03
-1.763371093750000000e+03 -1.765042968750000000e+03
-1.359740234375000000e+03 -1.361500000000000000e+03
-9.649121093750000000e+02 -9.667695312500000000e+02
-5.800390625000000000e+02 -5.819667968750000000e+02
-2.061347656250000000e+02 -2.081621093750000000e+02
1.558281250000000000e+02 1.537304687500000000e+02
5.049941406250000000e+02 5.028339843750000000e+02
8.406015625000000000e+02 8.383769531250000000e+02
1.161988281250000000e+03 1.159708984375000000e+03
1.468560546875000000e+03 1.466236328125000000e+03
1.759835937500000000e+03 1.757480468750000000e+03
2.035404296875000000e+03 2.033029296875000000e+03
2.295000000000000000e+03 2.292597656250000000e+03
2.538351562500000000e+03 2.535964843750000000e+03
2.765351562500000000e+03 2.762962890625000000e+03
2.975917968750000000e+03 2.973564453125000000e+03
3.170095703125000000e+03 3.167757812500000000e+03
3.347937500000000000e+03 3.345666015625000000e+03
3.509632812500000000e+03 3.507414062500000000e+03
3.655359375000000000e+03 3.653230468750000000e+03
3.785431640625000000e+03 3.783382812500000000e+03
3.900164062500000000e+03 3.898220703125000000e+03
3.999927734375000000e+03 3.998105468750000000e+03
4.085136718750000000e+03 4.083453125000000000e+03
4.156269531250000000e+03 4.154728515625000000e+03
4.213802734375000000e+03 4.212423828125000000e+03
4.258267578125000000e+03 4.257056640625000000e+03
4.290185546875000000e+03 4.289169921875000000e+03
4.310152343750000000e+03 4.309328125000000000e+03
4.318732421875000000e+03 4.318113281250000000e+03
4.316517578125000000e+03 4.316111328125000000e+03
4.304097656250000000e+03 4.303921875000000000e+03
4.282097656250000000e+03 4.282154296875000000e+03
4.251107421875000000e+03 4.251400390625000000e+03
4.211728515625000000e+03 4.212263671875000000e+03
4.164548828125000000e+03 4.165341796875000000e+03
4.110180664062500000e+03 4.111215820312500000e+03
4.049180664062500000e+03 4.050468750000000000e+03
3.982123046875000000e+03 3.983660156250000000e+03
3.909556640625000000e+03 3.911345703125000000e+03
3.832017578125000000e+03 3.834054687500000000e+03
3.750042968750000000e+03 3.752313476562500000e+03
3.664100585937500000e+03 3.666617187500000000e+03
3.574708984375000000e+03 3.577435546875000000e+03
3.482310546875000000e+03 3.485259765625000000e+03
3.387359375000000000e+03 3.390509765625000000e+03
3.290268554687500000e+03 3.293616210937500000e+03
3.191455078125000000e+03 3.194976562500000000e+03
3.091296875000000000e+03 3.094982421875000000e+03
2.990152343750000000e+03 2.993979492187500000e+03
2.888366210937500000e+03 2.892325195312500000e+03
2.786262207031250000e+03 2.790329589843750000e+03
2.684138183593750000e+03 2.688293457031250000e+03
2.582286621093750000e+03 2.586509765625000000e+03
2.480960937500000000e+03 2.485236816406250000e+03
2.380411621093750000e+03 2.384710937500000000e+03
2.280866210937500000e+03 2.285172851562500000e+03
2.182547607421875000e+03 2.186828857421875000e+03
2.085622314453125000e+03 2.089869384765625000e+03
1.990293457031250000e+03 1.994478027343750000e+03
1.896706054687500000e+03 1.900811279296875000e+03
1.805031127929687500e+03 1.809017944335937500e+03
1.715364013671875000e+03 1.719243041992187500e+03
1.627859863281250000e+03 1.631578857421875000e+03
1.542598876953125000e+03 1.546160644531250000e+03
1.459691650390625000e+03 1.463066040039062500e+03
1.379208984375000000e+03 1.382378662109375000e+03
1.301207519531250000e+03 1.304169921875000000e+03
1.225769409179687500e+03 1.228497436523437500e+03
1.152928100585937500e+03 1.155409912109375000e+03
1.082709594726562500e+03 1.084937500000000000e+03
1.015158325195312500e+03 1.017118286132812500e+03
9.502712402343750000e+02 9.519614257812500000e+02
8.880771484375000000e+02 8.894853515625000000e+02
8.285583496093750000e+02 8.296789550781250000e+02
7.717099609375000000e+02 7.725437011718750000e+02
7.175192871093750000e+02 7.180600585937500000e+02
6.659550781250000000e+02 6.662055664062500000e+02
6.169909667968750000e+02 6.169570312500000000e+02
5.705864257812500000e+02 5.702697753906250000e+02
5.267031250000000000e+02 5.261047363281250000e+02
4.852873535156250000e+02 4.844147949218750000e+02
4.462844238281250000e+02 4.451562500000000000e+02
4.096333007812500000e+02 4.082534179687500000e+02
3.752827148437500000e+02 3.736596679687500000e+02
3.431557617187500000e+02 3.413027343750000000e+02
3.131831054687500000e+02 3.111201171875000000e+02
2.852919921875000000e+02 2.830263671875000000e+02
2.594086914062500000e+02 2.569594726562500000e+02
2.354516601562500000e+02 2.328364257812500000e+02
2.133457031250000000e+02 2.105820312500000000e+02
1.930029296875000000e+02 1.901069335937500000e+02
1.743525390625000000e+02 1.713417968750000000e+02
1.572988281250000000e+02 1.541943359375000000e+02
1.417680664062500000e+02 1.385854492187500000e+02
1.276748046875000000e+02 1.244350585937500000e+02
1.149360351562500000e+02 1.116547851562500000e+02
1.034750976562500000e+02 1.001723632812500000e+02
9.319921875000000000e+01 8.989355468750000000e+01
8.404541015625000000e+01 8.075390625000000000e+01
7.592675781250000000e+01 7.266259765625000000e+01
6.877099609375000000e+01 6.555712890625000000e+01
6.250292968750000000e+01 5.934667968750000000e+01
5.705224609375000000e+01 5.397656250000000000e+01
5.235400390625000000e+01 4.936083984375000000e+01
4.833447265625000000e+01 4.544873046875000000e+01
4.494091796875000000e+01 4.216406250000000000e+01
4.210107421875000000e+01 3.945117187500000000e+01
3.977099609375000000e+01 3.724462890625000000e+01
3.788134765625000000e+01 3.550146484375000000e+01
3.639599609375000000e+01 3.415820312500000000e+01
3.525000000000000000e+01 3.317138671875000000e+01
3.441503906250000000e+01 3.248681640625000000e+01
3.383642578125000000e+01 3.207275390625000000e+01
3.348339843750000000e+01 3.188085937500000000e+01
3.331103515625000000e+01 3.187451171875000000e+01
3.329687500000000000e+01 3.202050781250000000e+01
3.339990234375000000e+01 3.228906250000000000e+01
3.359960937500000000e+01 3.264941406250000000e+01
3.386718750000000000e+01 3.307519531250000000e+01
3.418164062500000000e+01 3.354736328125000000e+01
3.452441406250000000e+01 3.403857421875000000e+01
3.487255859375000000e+01 3.453515625000000000e+01
3.521923828125000000e+01 3.502050781250000000e+01
3.554394531250000000e+01 3.548095703125000000e+01
3.583984375000000000e+01 3.590136718750000000e+01
3.608691406250000000e+01 3.627685546875000000e+01
3.629443359375000000e+01 3.659082031250000000e+01
3.644287109375000000e+01 3.685009765625000000e+01
3.653222656250000000e+01 3.703320312500000000e+01
3.655810546875000000e+01 3.715136718750000000e+01
3.652001953125000000e+01 3.719140625000000000e+01
3.641210937500000000e+01 3.715869140625000000e+01
3.623876953125000000e+01 3.704833984375000000e+01
3.599658203125000000e+01 3.686669921875000000e+01
3.569091796875000000e+01 3.660693359375000000e+01
3.532031250000000000e+01 3.627832031250000000e+01
3.488867187500000000e+01 3.587890625000000000e+01
3.439648437500000000e+01 3.541650390625000000e+01
3.385156250000000000e+01 3.488818359375000000e+01
3.325292968750000000e+01 3.430541992187500000e+01
3.260937500000000000e+01 3.366357421875000000e+01
3.191943359375000000e+01 3.297778320312500000e+01
3.118872070312500000e+01 3.224169921875000000e+01
3.042260742187500000e+01 3.146655273437500000e+01
2.962963867187500000e+01 3.065380859375000000e+01
2.880273437500000000e+01 2.981201171875000000e+01
2.795483398437500000e+01 2.894018554687500000e+01
2.708813476562500000e+01 2.804589843750000000e+01
2.620483398437500000e+01 2.713305664062500000e+01
2.530883789062500000e+01 2.620581054687500000e+01
2.440429687500000000e+01 2.526684570312500000e+01
2.349731445312500000e+01 2.432226562500000000e+01
2.258593750000000000e+01 2.337231445312500000e+01
2.167578125000000000e+01 2.242211914062500000e+01
2.076660156250000000e+01 2.147534179687500000e+01
1.986889648437500000e+01 2.053417968750000000e+01
1.897631835937500000e+01 1.960083007812500000e+01
1.809521484375000000e+01 1.867822265625000000e+01
1.722436523437500000e+01 1.776757812500000000e+01
1.637109375000000000e+01 1.687280273437500000e+01
1.553149414062500000e+01 1.599365234375000000e+01
1.471020507812500000e+01 1.513085937500000000e+01
1.390478515625000000e+01 1.429052734375000000e+01
1.312109375000000000e+01 1.346850585937500000e+01
1.235693359375000000e+01 1.266943359375000000e+01
1.161328125000000000e+01 1.188989257812500000e+01
1.088916015625000000e+01 1.113476562500000000e+01
1.018969726562500000e+01 1.040258789062500000e+01
9.510742187500000000e+00 9.694580078125000000e+00
8.854003906250000000e+00 9.009033203125000000e+00
8.218750000000000000e+00 8.348632812500000000e+00
7.606933593750000000e+00 7.710449218750000000e+00
7.017089843750000000e+00 7.099609375000000000e+00
6.448242187500000000e+00 6.508300781250000000e+00
5.902587890625000000e+00 5.941650390625000000e+00
5.376831054687500000e+00 5.399291992187500000e+00
4.874267578125000000e+00 4.879638671875000000e+00
4.390136718750000000e+00 4.379028320312500000e+00
3.927490234375000000e+00 3.903930664062500000e+00
3.484252929687500000e+00 3.447143554687500000e+00
3.059692382812500000e+00 3.015380859375000000e+00
2.656372070312500000e+00 2.598022460937500000e+00
2.267822265625000000e+00 2.204101562500000000e+00
1.900146484375000000e+00 1.826904296875000000e+00
1.547485351562500000e+00 1.470703125000000000e+00
1.213378906250000000e+00 1.129272460937500000e+00
8.936767578125000000e-01 8.067626953125000000e-01
5.909423828125000000e-01 4.990234375000000000e-01
3.024902343750000000e-01 2.093505859375000000e-01
2.905273437500000000e-02 -6.750488281250000000e-02
-2.326660156250000000e-01 -3.283691406250000000e-01
-4.775390625000000000e-01 -5.761718750000000000e-01
-7.116699218750000000e-01 -8.090820312500000000e-01
-9.333496093750000000e-01 -1.030395507812500000e+00
-1.143310546875000000e+00 -1.238647460937500000e+00
-1.339965820312500000e+00 -1.436279296875000000e+00
-1.527465820312500000e+00 -1.620971679687500000e+00
-1.704711914062500000e+00 -1.795410156250000000e+00
-1.870605468750000000e+00 -1.960205078125000000e+00
-2.027709960937500000e+00 -2.115234375000000000e+00
-2.174316406250000000e+00 -2.260253906250000000e+00
-2.314697265625000000e+00 -2.395751953125000000e+00
-2.444091796875000000e+00 -2.523559570312500000e+00
-2.566650390625000000e+00 -2.643310546875000000e+00
-2.681152343750000000e+00 -2.755371093750000000e+00
-2.788452148437500000e+00 -2.858276367187500000e+00
-2.888061523437500000e+00 -2.956542968750000000e+00
-2.982177734375000000e+00 -3.047119140625000000e+00
-3.068969726562500000e+00 -3.131164550781250000e+00
-3.149230957031250000e+00 -3.207885742187500000e+00
-3.223999023437500000e+00 -3.280944824218750000e+00
-3.293518066406250000e+00 -3.347351074218750000e+00
-3.357177734375000000e+00 -3.409118652343750000e+00
-3.415405273437500000e+00 -3.463806152343750000e+00
-3.470092773437500000e+00 -3.516296386718750000e+00
-3.519104003906250000e+00 -3.562438964843750000e+00
-3.563293457031250000e+00 -3.605590820312500000e+00
-3.604187011718750000e+00 -3.642822265625000000e+00
-3.640258789062500000e+00 -3.677551269531250000e+00
-3.673400878906250000e+00 -3.708435058593750000e+00
-3.701599121093750000e+00 -3.735534667968750000e+00
-3.727416992187500000e+00 -3.757507324218750000e+00
-3.749450683593750000e+00 -3.778991699218750000e+00
-3.767944335937500000e+00 -3.795837402343750000e+00
-3.784118652343750000e+00 -3.810485839843750000e+00
-3.796630859375000000e+00 -3.821411132812500000e+00
-3.807373046875000000e+00 -3.830383300781250000e+00
-3.814270019531250000e+00 -3.836364746093750000e+00
-3.820129394531250000e+00 -3.841125488281250000e+00
-3.822265625000000000e+00 -3.841308593750000000e+00
-3.823486328125000000e+00 -3.841552734375000000e+00
-3.821166992187500000e+00 -3.838806152343750000e+00
-3.817749023437500000e+00 -3.834716796875000000e+00
-3.812622070312500000e+00 -3.827148437500000000e+00
-3.805358886718750000e+00 -3.819885253906250000e+00
-3.796264648437500000e+00 -3.809509277343750000e+00
-3.785339355468750000e+00 -3.798614501953125000e+00
-3.773223876953125000e+00 -3.784973144531250000e+00
-3.760253906250000000e+00 -3.770996093750000000e+00
-3.745025634765625000e+00 -3.755371093750000000e+00
-3.728942871093750000e+00 -3.738220214843750000e+00
-3.711273193359375000e+00 -3.720489501953125000e+00
-3.693267822265625000e+00 -3.701324462890625000e+00
-3.673461914062500000e+00 -3.681549072265625000e+00
-3.653106689453125000e+00 -3.660278320312500000e+00
-3.630920410156250000e+00 -3.638519287109375000e+00
-3.609588623046875000e+00 -3.615112304687500000e+00
-3.585968017578125000e+00 -3.592285156250000000e+00
-3.561767578125000000e+00 -3.567321777343750000e+00
-3.537170410156250000e+00 -3.542938232421875000e+00
-3.511901855468750000e+00 -3.516357421875000000e+00
-3.486450195312500000e+00 -3.491088867187500000e+00
-3.459930419921875000e+00 -3.463592529296875000e+00
-3.432861328125000000e+00 -3.436553955078125000e+00
-3.405395507812500000e+00 -3.408508300781250000e+00
-3.377593994140625000e+00 -3.381042480468750000e+00
-3.349884033203125000e+00 -3.352142333984375000e+00
-3.320892333984375000e+00 -3.323486328125000000e+00
-3.291564941406250000e+00 -3.293670654296875000e+00
-3.262695312500000000e+00 -3.265380859375000000e+00
-3.233367919921875000e+00 -3.234954833984375000e+00
-3.203735351562500000e+00 -3.205200195312500000e+00
-3.173889160156250000e+00 -3.174438476562500000e+00
-3.143951416015625000e+00 -3.144989013671875000e+00
-3.113815307617187500e+00 -3.114273071289062500e+00
-3.083816528320312500e+00 -3.084045410156250000e+00
-3.053100585937500000e+00 -3.052841186523437500e+00
-3.023040771484375000e+00 -3.023071289062500000e+00
-2.992218017578125000e+00 -2.991882324218750000e+00
-2.962341308593750000e+00 -2.961303710937500000e+00
-2.931121826171875000e+00 -2.930343627929687500e+00
-2.901062011718750000e+00 -2.900131225585937500e+00
-2.870193481445312500e+00 -2.869613647460937500e+00
-2.840209960937500000e+00 -2.839004516601562500e+00
-2.810073852539062500e+00 -2.808090209960937500e+00
-2.779571533203125000e+00 -2.778091430664062500e+00
-2.749465942382812500e+00 -2.747406005859375000e+00
-2.719345092773437500e+00 -2.717208862304687500e+00
-2.689300537109375000e+00 -2.686950683593750000e+00
-2.659942626953125000e+00 -2.657501220703125000e+00
-2.629776000976562500e+00 -2.627700805664062500e+00
-2.600112915039062500e+00 -2.597457885742187500e+00
-2.570724487304687500e+00 -2.568359375000000000e+00
-2.541595458984375000e+00 -2.538772583007812500e+00
-2.512481689453125000e+00 -2.510040283203125000e+00
-2.483581542968750000e+00 -2.480026245117187500e+00
-2.454833984375000000e+00 -2.451934814453125000e+00
-2.426208496093750000e+00 -2.423217773437500000e+00
-2.398239135742187500e+00 -2.395370483398437500e+00
-2.370162963867187500e+00 -2.365844726562500000e+00
-2.342041015625000000e+00 -2.338912963867187500e+00
-2.314140319824218750e+00 -2.310554504394531250e+00
-2.287239074707031250e+00 -2.284095764160156250e+00
-2.259872436523437500e+00 -2.255310058593750000e+00
-2.232734680175781250e+00 -2.229393005371093750e+00
-2.205444335937500000e+00 -2.201782226562500000e+00
-2.179367065429687500e+00 -2.175872802734375000e+00
-2.153289794921875000e+00 -2.148468017578125000e+00
-2.127006530761718750e+00 -2.123268127441406250e+00
-2.100814819335937500e+00 -2.097099304199218750e+00
-2.075584411621093750e+00 -2.071662902832031250e+00
-2.050422668457031250e+00 -2.045661926269531250e+00
-2.025062561035156250e+00 -2.021087646484375000e+00
-1.999931335449218750e+00 -1.996490478515625000e+00
-1.975830078125000000e+00 -1.971618652343750000e+00
-1.951332092285156250e+00 -1.947021484375000000e+00
-1.926750183105468750e+00 -1.923065185546875000e+00
-1.902961730957031250e+00 -1.899284362792968750e+00
-1.879684448242187500e+00 -1.875312805175781250e+00
-1.856369018554687500e+00 -1.851959228515625000e+00
-1.832992553710937500e+00 -1.828895568847656250e+00
-1.809837341308593750e+00 -1.806282043457031250e+00
-1.787750244140625000e+00 -1.783454895019531250e+00
-1.765251159667968750e+00 -1.761016845703125000e+00
-1.742881774902343750e+00 -1.739273071289062500e+00
-1.720825195312500000e+00 -1.717445373535156250e+00
-1.699691772460937500e+00 -1.695617675781250000e+00
-1.678153991699218750e+00 -1.674232482910156250e+00
-1.656745910644531250e+00 -1.653144836425781250e+00
-1.635620117187500000e+00 -1.632507324218750000e+00
-1.615528106689453125e+00 -1.611083984375000000e+00
-1.594871520996093750e+00 -1.591239929199218750e+00
-1.574325561523437500e+00 -1.570911407470703125e+00
-1.554519653320312500e+00 -1.551437377929687500e+00
-1.535308837890625000e+00 -1.531326293945312500e+00
-1.515621185302734375e+00 -1.512042999267578125e+00
-1.495922088623046875e+00 -1.493061065673828125e+00
-1.477249145507812500e+00 -1.474445343017578125e+00
-1.458827972412109375e+00 -1.454975128173828125e+00
-1.440135955810546875e+00 -1.436859130859375000e+00
-1.421215057373046875e+00 -1.418601989746093750e+00
-1.403461456298828125e+00 -1.400871276855468750e+00
-1.385864257812500000e+00 -1.382156372070312500e+00
-1.368144989013671875e+00 -1.365043640136718750e+00
-1.350082397460937500e+00 -1.347881317138671875e+00
-1.333244323730468750e+00 -1.330837249755859375e+00
-1.316585540771484375e+00 -1.313179016113281250e+00
-1.299510955810546875e+00 -1.297119140625000000e+00
-1.282470703125000000e+00 -1.280624389648437500e+00
-1.266319274902343750e+00 -1.264781951904296875e+00
-1.250801086425781250e+00 -1.247711181640625000e+00
-1.234672546386718750e+00 -1.232566833496093750e+00
-1.218235015869140625e+00 -1.216640472412109375e+00
-1.202941894531250000e+00 -1.201248168945312500e+00
-1.188140869140625000e+00 -1.185344696044921875e+00
-1.173057556152343750e+00 -1.170536041259765625e+00
-1.157012939453125000e+00 -1.155948638916015625e+00
-1.142539978027343750e+00 -1.140933990478515625e+00
-1.128623962402343750e+00 -1.126171112060546875e+00
-1.113998413085937500e+00 -1.112365722656250000e+00
-1.099084854125976562e+00 -1.098478317260742188e+00
-1.085275650024414062e+00 -1.084356307983398438e+00
-1.072206497192382812e+00 -1.070501327514648438e+00
-1.058309555053710938e+00 -1.057197570800781250e+00
-1.044025421142578125e+00 -1.044027328491210938e+00
-1.031314849853515625e+00 -1.030204772949218750e+00
-1.018821716308593750e+00 -1.017396926879882812e+00
-1.005283355712890625e+00 -1.004215240478515625e+00
-9.919624328613281250e-01 -9.919910430908203125e-01
-9.797401428222656250e-01 -9.788970947265625000e-01
-9.679107666015625000e-01 -9.666919708251953125e-01
-9.548263549804687500e-01 -9.541893005371093750e-01
-9.423866271972656250e-01 -9.427165985107421875e-01
-9.309043884277343750e-01 -9.305877685546875000e-01
-9.196491241455078125e-01 -9.188194274902343750e-01
-9.074649810791015625e-01 -9.072971343994140625e-01
-8.955268859863281250e-01 -8.963317871093750000e-01
-8.847026824951171875e-01 -8.846206665039062500e-01
-8.741130828857421875e-01 -8.734226226806640625e-01
-8.624725341796875000e-01 -8.624572753906250000e-01
-8.511924743652343750e-01 -8.519687652587890625e-01
-8.408317565917968750e-01 -8.409023284912109375e-01
-8.308925628662109375e-01 -8.303890228271484375e-01
-8.196144104003906250e-01 -8.199958801269531250e-01
-8.089618682861328125e-01 -8.101348876953125000e-01
-7.992115020751953125e-01 -7.996692657470703125e-01
-7.896690368652343750e-01 -7.897796630859375000e-01
-7.790031433105468750e-01 -7.798900604248046875e-01
-7.690763473510742188e-01 -7.705411911010742188e-01
-7.600326538085937500e-01 -7.608413696289062500e-01
-7.507972717285156250e-01 -7.509813308715820312e-01
-7.408514022827148438e-01 -7.418775558471679688e-01
-7.312669754028320312e-01 -7.328500747680664062e-01
-7.230310440063476562e-01 -7.234020233154296875e-01
-7.141714096069335938e-01 -7.143287658691406250e-01
-7.043008804321289062e-01 -7.057456970214843750e-01
-6.955022811889648438e-01 -6.972122192382812500e-01
-6.874446868896484375e-01 -6.883296966552734375e-01
-6.792364120483398438e-01 -6.795768737792968750e-01
-6.699008941650390625e-01 -6.716327667236328125e-01
-6.613502502441406250e-01 -6.634330749511718750e-01
-6.540756225585937500e-01 -6.551275253295898438e-01
-6.460294723510742188e-01 -6.467704772949218750e-01
-6.373348236083984375e-01 -6.391592025756835938e-01
-6.292810440063476562e-01 -6.313781738281250000e-01
-6.225309371948242188e-01 -6.233892440795898438e-01
-6.149635314941406250e-01 -6.156854629516601562e-01
-6.064052581787109375e-01 -6.082868576049804688e-01
-5.987329483032226562e-01 -6.008358001708984375e-01
-5.925598144531250000e-01 -5.934667587280273438e-01
-5.852527618408203125e-01 -5.861883163452148438e-01
-5.771636962890625000e-01 -5.792369842529296875e-01
-5.700139999389648438e-01 -5.720691680908203125e-01
-5.640058517456054688e-01 -5.650930404663085938e-01
-5.570163726806640625e-01 -5.582923889160156250e-01
-5.494213104248046875e-01 -5.515489578247070312e-01
-5.425014495849609375e-01 -5.449533462524414062e-01
-5.370988845825195312e-01 -5.381498336791992188e-01
-5.303649902343750000e-01 -5.316801071166992188e-01
-5.231742858886718750e-01 -5.254273414611816406e-01
-5.167655944824218750e-01 -5.190234184265136719e-01
-5.115303993225097656e-01 -5.126476287841796875e-01
-5.052871704101562500e-01 -5.065488815307617188e-01
-4.982266426086425781e-01 -5.007624626159667969e-01
-4.923095703125000000e-01 -4.945702552795410156e-01
-4.873576164245605469e-01 -4.886708259582519531e-01
-4.814352989196777344e-01 -4.827589988708496094e-01
-4.747514724731445312e-01 -4.772548675537109375e-01
-4.690384864807128906e-01 -4.713201522827148438e-01
-4.644374847412109375e-01 -4.656991958618164062e-01
-4.586987495422363281e-01 -4.601697921752929688e-01
-4.524159431457519531e-01 -4.549303054809570312e-01
-4.470515251159667969e-01 -4.491438865661621094e-01
-4.427103996276855469e-01 -4.439172744750976562e-01
-4.371633529663085938e-01 -4.385905265808105469e-01
-4.310927391052246094e-01 -4.336814880371093750e-01
-4.263057708740234375e-01 -4.282488822937011719e-01
-4.221520423889160156e-01 -4.230794906616210938e-01
-4.168214797973632812e-01 -4.181942939758300781e-01
-4.110202789306640625e-01 -4.135394096374511719e-01
-4.064631462097167969e-01 -4.085383415222167969e-01
-4.025154113769531250e-01 -4.037032127380371094e-01
-3.975934982299804688e-01 -3.990583419799804688e-01
-3.918223381042480469e-01 -3.945779800415039062e-01
-3.876838684082031250e-01 -3.898243904113769531e-01
-3.839178085327148438e-01 -3.851242065429687500e-01
-3.793053627014160156e-01 -3.809151649475097656e-01
-3.739061355590820312e-01 -3.765854835510253906e-01
-3.700132369995117188e-01 -3.719258308410644531e-01
-3.664078712463378906e-01 -3.674259185791015625e-01
-3.619430065155029297e-01 -3.634390830993652344e-01
-3.569219112396240234e-01 -3.591916561126708984e-01
-3.531246185302734375e-01 -3.550431728363037109e-01
-3.496315479278564453e-01 -3.506476879119873047e-01
-3.455576896667480469e-01 -3.469724655151367188e-01
-3.405776023864746094e-01 -3.429741859436035156e-01
-3.371119499206542969e-01 -3.390469551086425781e-01
-3.337018489837646484e-01 -3.347878456115722656e-01
-3.298099040985107422e-01 -3.314003944396972656e-01
-3.252720832824707031e-01 -3.274989128112792969e-01
-3.219335079193115234e-01 -3.236742019653320312e-01
-3.189125061035156250e-01 -3.198058605194091797e-01
-3.150789737701416016e-01 -3.163392543792724609e-01
-3.107409477233886719e-01 -3.129417896270751953e-01
-3.074519634246826172e-01 -3.090155124664306641e-01
-3.046259880065917969e-01 -3.055860996246337891e-01
-3.009405136108398438e-01 -3.022134304046630859e-01
-2.969138622283935547e-01 -2.989997863769531250e-01
-2.937002182006835938e-01 -2.953472137451171875e-01
-2.911374568939208984e-01 -2.919654846191406250e-01
-2.873935699462890625e-01 -2.887234687805175781e-01
-2.837474346160888672e-01 -2.856535911560058594e-01
-2.808458805084228516e-01 -2.821054458618164062e-01
-2.784030437469482422e-01 -2.788071632385253906e-01
-2.749023437500000000e-01 -2.758357524871826172e-01
-2.712755203247070312e-01 -2.729146480560302734e-01
-2.686240673065185547e-01 -2.696316242218017578e-01
-2.661347389221191406e-01 -2.666537761688232422e-01
-2.627549171447753906e-01 -2.639229297637939453e-01
-2.592158317565917969e-01 -2.611875534057617188e-01
-2.567617893218994141e-01 -2.580943107604980469e-01
-2.543816566467285156e-01 -2.551021575927734375e-01
-2.511476278305053711e-01 -2.525569200515747070e-01
-2.478560209274291992e-01 -2.496505975723266602e-01
-2.454576492309570312e-01 -2.468284368515014648e-01
-2.433423995971679688e-01 -2.438169717788696289e-01
-2.404315471649169922e-01 -2.414139509201049805e-01
-2.371983528137207031e-01 -2.386387586593627930e-01
-2.351381778717041016e-01 -2.359483242034912109e-01
-2.330056428909301758e-01 -2.331222295761108398e-01
-2.300168275833129883e-01 -2.309418916702270508e-01
-2.270022630691528320e-01 -2.284970283508300781e-01
-2.250899076461791992e-01 -2.258176803588867188e-01
-2.229903936386108398e-01 -2.233842611312866211e-01
-2.201653718948364258e-01 -2.211581468582153320e-01
-2.172225713729858398e-01 -2.187645435333251953e-01
-2.153879404067993164e-01 -2.160836458206176758e-01
-2.135713100433349609e-01 -2.137250900268554688e-01
-2.108076810836791992e-01 -2.115297317504882812e-01
-2.080990076065063477e-01 -2.092356681823730469e-01
-2.063059806823730469e-01 -2.066640853881835938e-01
-2.046636343002319336e-01 -2.044821977615356445e-01
-2.018828392028808594e-01 -2.024886608123779297e-01
-1.993458271026611328e-01 -2.003227472305297852e-01
-1.975528001785278320e-01 -1.980335712432861328e-01
-1.960246562957763672e-01 -1.959946155548095703e-01
-1.933158636093139648e-01 -1.941386461257934570e-01
-1.909362077713012695e-01 -1.921938657760620117e-01
-1.892893314361572266e-01 -1.899379491806030273e-01
-1.879166364669799805e-01 -1.879333257675170898e-01
-1.852136850357055664e-01 -1.860010623931884766e-01
-1.830040216445922852e-01 -1.839383840560913086e-01
-1.815145015716552734e-01 -1.817418336868286133e-01
-1.802000999450683594e-01 -1.798728704452514648e-01
-1.775780916213989258e-01 -1.780718564987182617e-01
-1.753231287002563477e-01 -1.760648488998413086e-01
-1.740041971206665039e-01 -1.740794181823730469e-01
-1.726455688476562500e-01 -1.722962260246276855e-01
-1.702117919921875000e-01 -1.705895066261291504e-01
-1.679748892784118652e-01 -1.688507199287414551e-01
-1.667569279670715332e-01 -1.668935418128967285e-01
-1.654492616653442383e-01 -1.652758121490478516e-01
-1.631336212158203125e-01 -1.636304259300231934e-01
-1.610854268074035645e-01 -1.618936657905578613e-01
-1.601344347000122070e-01 -1.599779129028320312e-01
-1.587746739387512207e-01 -1.584963202476501465e-01
-1.566187739372253418e-01 -1.569693088531494141e-01
-1.546486020088195801e-01 -1.551903486251831055e-01
-1.536863446235656738e-01 -1.534571647644042969e-01
-1.524358987808227539e-01 -1.518794894218444824e-01
-1.503025889396667480e-01 -1.505387425422668457e-01
-1.483529210090637207e-01 -1.487831473350524902e-01
-1.474874019622802734e-01 -1.471450328826904297e-01
-1.463022232055664062e-01 -1.457386612892150879e-01
-1.441683173179626465e-01 -1.444400548934936523e-01
-1.423382759094238281e-01 -1.428737640380859375e-01
-1.416002511978149414e-01 -1.412197351455688477e-01
-1.403371095657348633e-01 -1.399342417716979980e-01
-1.382645368576049805e-01 -1.385971903800964355e-01
-1.365234851837158203e-01 -1.370716094970703125e-01
-1.358863115310668945e-01 -1.355336308479309082e-01
-1.347153186798095703e-01 -1.343359351158142090e-01
-1.326311826705932617e-01 -1.330240964889526367e-01
-1.310975551605224609e-01 -1.315224170684814453e-01
-1.305634379386901855e-01 -1.299769282341003418e-01
-1.294429898262023926e-01 -1.288255453109741211e-01
-1.275374889373779297e-01 -1.277121305465698242e-01
-1.259541511535644531e-01 -1.262018084526062012e-01
-1.255369186401367188e-01 -1.247984170913696289e-01
-1.244007945060729980e-01 -1.237157583236694336e-01
-1.224757432937622070e-01 -1.226650476455688477e-01
-1.210791468620300293e-01 -1.213069558143615723e-01
-1.204847693443298340e-01 -1.200218200683593750e-01
-1.194462180137634277e-01 -1.189463734626770020e-01
-1.175537407398223877e-01 -1.178919672966003418e-01
-1.161829531192779541e-01 -1.164945662021636963e-01
-1.157143414020538330e-01 -1.151796579360961914e-01
-1.147768199443817139e-01 -1.141410171985626221e-01
-1.129682064056396484e-01 -1.131319999694824219e-01
-1.116509139537811279e-01 -1.117216944694519043e-01
-1.113187372684478760e-01 -1.105072796344757080e-01
-1.104083657264709473e-01 -1.096157729625701904e-01
-1.086909174919128418e-01 -1.085966229438781738e-01
-1.074360013008117676e-01 -1.073930859565734863e-01
-1.070767343044281006e-01 -1.062730848789215088e-01
-1.061443686485290527e-01 -1.054629087448120117e-01
-1.043861210346221924e-01 -1.044963598251342773e-01
-1.032231450080871582e-01 -1.032797992229461670e-01
-1.028808355331420898e-01 -1.023149788379669189e-01
-1.019261181354522705e-01 -1.015001535415649414e-01
-1.002698540687561035e-01 -1.005424857139587402e-01
-9.924563765525817871e-02 -9.929606318473815918e-02
-9.909754991531372070e-02 -9.834247827529907227e-02
-9.805136919021606445e-02 -9.758067131042480469e-02
-9.653753042221069336e-02 -9.653648734092712402e-02
-9.554612636566162109e-02 -9.539276361465454102e-02
-9.528633952140808105e-02 -9.447738528251647949e-02
-9.438574314117431641e-02 -9.382417798042297363e-02
-9.272497892379760742e-02 -9.286269545555114746e-02
-9.189337491989135742e-02 -9.170690178871154785e-02
-9.163147211074829102e-02 -9.089934825897216797e-02
-9.070518612861633301e-02 -9.025213122367858887e-02
-8.905839920043945312e-02 -8.928948640823364258e-02
-8.838304877281188965e-02 -8.820402622222900391e-02
-8.814948797225952148e-02 -8.747899532318115234e-02
-8.737483620643615723e-02 -8.682504296302795410e-02
-8.576419949531555176e-02 -8.593720197677612305e-02
-8.509135246276855469e-02 -8.481833338737487793e-02
-8.505514264106750488e-02 -8.414563536643981934e-02
-8.424529433250427246e-02 -8.354595303535461426e-02
-8.268108963966369629e-02 -8.274596929550170898e-02
-8.207312226295471191e-02 -8.162546157836914062e-02
-8.191683888435363770e-02 -8.101072907447814941e-02
-8.114886283874511719e-02 -8.044764399528503418e-02
-7.946911454200744629e-02 -7.963788509368896484e-02
-7.887667417526245117e-02 -7.859075069427490234e-02
-7.873544096946716309e-02 -7.803896069526672363e-02
-7.795414328575134277e-02 -7.758054137229919434e-02
-7.636013627052307129e-02 -7.663574814796447754e-02
-7.586885988712310791e-02 -7.566919922828674316e-02
-7.582126557826995850e-02 -7.513922452926635742e-02
-7.506854832172393799e-02 -7.471732795238494873e-02
-7.367269694805145264e-02 -7.378257811069488525e-02
-7.321259379386901855e-02 -7.280884683132171631e-02
-7.321645319461822510e-02 -7.234407961368560791e-02
-7.246616482734680176e-02 -7.195113599300384521e-02
-7.110233604907989502e-02 -7.107293605804443359e-02
-7.058961689472198486e-02 -7.019908726215362549e-02
-7.064811885356903076e-02 -6.971091032028198242e-02
-6.979270279407501221e-02 -6.944823265075683594e-02
-6.854178011417388916e-02 -6.863845884799957275e-02
-6.801877915859222412e-02 -6.775970757007598877e-02
-6.810289621353149414e-02 -6.729404628276824951e-02
-6.726352870464324951e-02 -6.704634428024291992e-02
-6.613302230834960938e-02 -6.627924740314483643e-02
-6.563107669353485107e-02 -6.537319719791412354e-02
-6.578984856605529785e-02 -6.494835019111633301e-02
-6.497532129287719727e-02 -6.478013098239898682e-02
-6.395195424556732178e-02 -6.399013102054595947e-02
-6.359714269638061523e-02 -6.325390934944152832e-02
-6.379939615726470947e-02 -6.297443807125091553e-02
-6.305058300495147705e-02 -6.282421946525573730e-02
-6.210289895534515381e-02 -6.219023466110229492e-02
-6.181357800960540771e-02 -6.157495081424713135e-02
-6.215900182723999023e-02 -6.136263906955718994e-02
-6.149743497371673584e-02 -6.124006211757659912e-02
-6.062453985214233398e-02 -6.069546937942504883e-02
-6.054948270320892334e-02 -6.025655567646026611e-02
-6.087854504585266113e-02 -6.010970473289489746e-02
-6.045138835906982422e-02 -6.009034812450408936e-02
-5.970619618892669678e-02 -5.967016518115997314e-02
-5.986183881759643555e-02 -5.947047472000122070e-02
-6.031395494937896729e-02 -5.960643291473388672e-02
-6.011621654033660889e-02 -5.975373089313507080e-02
-5.970402061939239502e-02 -5.972300469875335693e-02
-6.001961231231689453e-02 -5.976088345050811768e-02
-6.085859239101409912e-02 -6.034258008003234863e-02
-6.095698475837707520e-02 -6.082187592983245850e-02
-6.103816628456115723e-02 -6.107933819293975830e-02
-6.189003586769104004e-02 -6.165106594562530518e-02
-6.308655440807342529e-02 -6.264466047286987305e-02
-6.380644440650939941e-02 -6.362628936767578125e-02
-6.443320214748382568e-02 -6.450837850570678711e-02
-6.591793894767761230e-02 -6.564293801784515381e-02
-6.781376898288726807e-02 -6.730575859546661377e-02
-6.924639642238616943e-02 -6.906540691852569580e-02
-7.079680263996124268e-02 -7.087363302707672119e-02
-7.323780655860900879e-02 -7.296644151210784912e-02
-7.617728412151336670e-02 -7.582168281078338623e-02
-7.885934412479400635e-02 -7.874000072479248047e-02
-8.175702393054962158e-02 -8.194735646247863770e-02
-8.573393523693084717e-02 -8.556881546974182129e-02
-9.030908346176147461e-02 -9.003697335720062256e-02
-9.481836855411529541e-02 -9.485651552677154541e-02
-9.968541562557220459e-02 -9.999708831310272217e-02
-1.057826429605484009e-01 -1.058373153209686279e-01
-1.127725690603256226e-01 -1.125801652669906616e-01
-1.198639124631881714e-01 -1.200032830238342285e-01
-1.275407820940017700e-01 -1.279972046613693237e-01
-1.366561800241470337e-01 -1.368844062089920044e-01
-1.469500809907913208e-01 -1.470599919557571411e-01
-1.577022075653076172e-01 -1.581680774688720703e-01
-1.693907380104064941e-01 -1.702349483966827393e-01
-1.829296499490737915e-01 -1.835815757513046265e-01
-1.980184316635131836e-01 -1.985746473073959351e-01
-2.140343040227890015e-01 -2.149617224931716919e-01
-2.314179837703704834e-01 -2.327527403831481934e-01
-2.512426972389221191e-01 -2.523579299449920654e-01
-2.728732824325561523e-01 -2.739949822425842285e-01
-2.962462306022644043e-01 -2.976352572441101074e-01
-3.214489221572875977e-01 -3.232677876949310303e-01
-3.496579825878143311e-01 -3.512661159038543701e-01
-3.803508579730987549e-01 -3.820222020149230957e-01
-4.133806228637695312e-01 -4.154182672500610352e-01
-4.490389823913574219e-01 -4.515578746795654297e-01
-4.884109497070312500e-01 -4.910377562046051025e-01
-5.312251448631286621e-01 -5.339789986610412598e-01
-5.771886110305786133e-01 -5.803798437118530273e-01
-6.266379356384277344e-01 -6.305667757987976074e-01
-6.808687448501586914e-01 -6.849329471588134766e-01
-7.394701838493347168e-01 -7.437714338302612305e-01
-8.023042678833007812e-01 -8.071200251579284668e-01
-8.697718977928161621e-01 -8.753289580345153809e-01
-9.429495334625244141e-01 -9.488506317138671875e-01
-1.021780133247375488e+00 -1.027949690818786621e+00
-1.105934381484985352e+00 -1.112745642662048340e+00
-1.196019053459167480e+00 -1.203681230545043945e+00
-1.293010234832763672e+00 -1.301204800605773926e+00
-1.396986603736877441e+00 -1.405691385269165039e+00
-1.507562756538391113e+00 -1.517172574996948242e+00
-1.625282287597656250e+00 -1.636052846908569336e+00
-1.751439929008483887e+00 -1.762990474700927734e+00
-1.885877132415771484e+00 -1.898200392723083496e+00
-2.028261661529541016e+00 -2.041783094406127930e+00
-2.179238557815551758e+00 -2.194089889526367188e+00
-2.339882135391235352e+00 -2.355867862701416016e+00
-2.510351657867431641e+00 -2.527164697647094727e+00
-2.689878463745117188e+00 -2.708242177963256836e+00
-2.879425525665283203e+00 -2.899278640747070312e+00
-3.079778432846069336e+00 -3.100944519042968750e+00
-3.291115045547485352e+00 -3.313373327255249023e+00
-3.512615203857421875e+00 -3.536742925643920898e+00
-3.745125055313110352e+00 -3.771072626113891602e+00
-3.989352703094482422e+00 -4.017012596130371094e+00
-4.245350360870361328e+00 -4.274441719055175781e+00
-4.512199878692626953e+00 -4.543518066406250000e+00
-4.790620803833007812e+00 -4.824097156524658203e+00
-5.081102848052978516e+00 -5.116577625274658203e+00
-5.383604526519775391e+00 -5.420763969421386719e+00
-5.697055339813232422e+00 -5.736638545989990234e+00
-6.021800518035888672e+00 -6.063745975494384766e+00
-6.358307838439941406e+00 -6.402350425720214844e+00
-6.706060886383056641e+00 -6.751988410949707031e+00
-7.063914299011230469e+00 -7.112411975860595703e+00
-7.431844711303710938e+00 -7.482909679412841797e+00
-7.810188293457031250e+00 -7.863427162170410156e+00
-8.197920799255371094e+00 -8.253268241882324219e+00
-8.593611717224121094e+00 -8.651676177978515625e+00
-8.997060775756835938e+00 -9.057860374450683594e+00
-9.408174514770507812e+00 -9.471035957336425781e+00
-9.825568199157714844e+00 -9.890431404113769531e+00
-1.024737167358398438e+01 -1.031473445892333984e+01
-1.067303943634033203e+01 -1.074290180206298828e+01
-1.110210132598876953e+01 -1.117368316650390625e+01
-1.153274726867675781e+01 -1.160599613189697266e+01
-1.196280479431152344e+01 -1.203797721862792969e+01
-1.239109039306640625e+01 -1.246828460693359375e+01
-1.281694316864013672e+01 -1.289526176452636719e+01
-1.323806381225585938e+01 -1.331739711761474609e+01
-1.365196228027343750e+01 -1.373246288299560547e+01
-1.405705451965332031e+01 -1.413869762420654297e+01
-1.445233345031738281e+01 -1.453404808044433594e+01
-1.483503818511962891e+01 -1.491660308837890625e+01
-1.520234775543212891e+01 -1.528383255004882812e+01
-1.555250835418701172e+01 -1.563361835479736328e+01
-1.588406658172607422e+01 -1.596365070343017578e+01
-1.619404792785644531e+01 -1.627181816101074219e+01
-1.647933197021484375e+01 -1.655525016784667969e+01
-1.673798942565917969e+01 -1.681176567077636719e+01
-1.696854209899902344e+01 -1.703876304626464844e+01
-1.716773986816406250e+01 -1.723415946960449219e+01
-1.733247756958007812e+01 -1.739491081237792969e+01
-1.746087837219238281e+01 -1.751882743835449219e+01
-1.755141448974609375e+01 -1.760343551635742188e+01
-1.760101509094238281e+01 -1.764659118652343750e+01
-1.760654067993164062e+01 -1.764555931091308594e+01
-1.756662750244140625e+01 -1.759822273254394531e+01
-1.747976684570312500e+01 -1.750252532958984375e+01
-1.734338378906250000e+01 -1.735671234130859375e+01
-1.715461921691894531e+01 -1.715847778320312500e+01
-1.691260719299316406e+01 -1.690598678588867188e+01
-1.661649703979492188e+01 -1.659804344177246094e+01
-1.626414871215820312e+01 -1.623323440551757812e+01
-1.585355663299560547e+01 -1.581025218963623047e+01
-1.538445281982421875e+01 -1.532778549194335938e+01
-1.485691928863525391e+01 -1.478553485870361328e+01
-1.426950263977050781e+01 -1.418300819396972656e+01
-1.362129688262939453e+01 -1.351961994171142578e+01
-1.291305255889892578e+01 -1.279528331756591797e+01
-1.214574623107910156e+01 -1.201066684722900391e+01
-1.131910896301269531e+01 -1.116641807556152344e+01
-1.043320274353027344e+01 -1.026317310333251953e+01
-9.490018844604492188e+00 -9.301926612854003906e+00
-8.491849899291992188e+00 -8.284654617309570312e+00
-7.439372539520263672e+00 -7.213157176971435547e+00
-6.334120273590087891e+00 -6.089445114135742188e+00
-5.179170131683349609e+00 -4.915654182434082031e+00
-3.978061199188232422e+00 -3.695128202438354492e+00
-2.732842445373535156e+00 -2.430889368057250977e+00
-1.446115612983703613e+00 -1.126064658164978027e+00
-1.223557889461517334e-01 2.158065140247344971e-01
1.233972072601318359e+00 1.590366005897521973e+00
2.619690895080566406e+00 2.993443250656127930e+00
4.030957698822021484e+00 4.420689582824707031e+00
5.462385177612304688e+00 5.867665767669677734e+00
6.908454418182373047e+00 7.329017162322998047e+00
8.365282058715820312e+00 8.799655914306640625e+00
9.828302383422851562e+00 1.027451705932617188e+01
1.129125404357910156e+01 1.174843978881835938e+01
1.274816226959228516e+01 1.321533298492431641e+01
1.419466590881347656e+01 1.466984939575195312e+01
1.562562847137451172e+01 1.610643005371093750e+01
1.703464508056640625e+01 1.751967430114746094e+01
1.841562652587890625e+01 1.890338134765625000e+01
1.976403999328613281e+01 2.025211906433105469e+01
2.107505989074707031e+01 2.156064796447753906e+01
2.234226989746093750e+01 2.282362365722656250e+01
2.356013107299804688e+01 2.403541946411132812e+01
2.472460365295410156e+01 2.519092559814453125e+01
2.583134841918945312e+01 2.628563499450683594e+01
2.687481117248535156e+01 2.731501960754394531e+01
2.785028839111328125e+01 2.827436065673828125e+01
2.875472831726074219e+01 2.915947914123535156e+01
2.958489227294921875e+01 2.996714401245117188e+01
3.033633995056152344e+01 3.069390869140625000e+01
3.100571823120117188e+01 3.133643722534179688e+01
3.159125328063964844e+01 3.189212036132812500e+01
3.209119415283203125e+01 3.235902023315429688e+01
3.250268554687500000e+01 3.273546600341796875e+01
3.282390975952148438e+01 3.301969146728515625e+01
3.305484008789062500e+01 3.321075057983398438e+01
3.319533920288085938e+01 3.330859756469726562e+01
3.324431610107421875e+01 3.331318664550781250e+01
3.320176315307617188e+01 3.322461318969726562e+01
3.306942367553710938e+01 3.304368591308593750e+01
3.284875488281250000e+01 3.277217864990234375e+01
3.254052352905273438e+01 3.241169357299804688e+01
3.214625549316406250e+01 3.196405982971191406e+01
3.166938400268554688e+01 3.143182563781738281e+01
3.111300277709960938e+01 3.081819725036621094e+01
3.047911262512207031e+01 3.012650489807128906e+01
2.977102088928222656e+01 2.935998344421386719e+01
2.899335098266601562e+01 2.852230644226074219e+01
2.815051269531250000e+01 2.761831092834472656e+01
2.724563598632812500e+01 2.665206909179687500e+01
2.628330612182617188e+01 2.562821769714355469e+01
2.526889038085937500e+01 2.455113983154296875e+01
2.420765304565429688e+01 2.342647933959960938e+01
2.310342597961425781e+01 2.225892639160156250e+01
2.196136093139648438e+01 2.105354499816894531e+01
2.078720474243164062e+01 1.981504631042480469e+01
1.958649444580078125e+01 1.854935264587402344e+01
1.836320877075195312e+01 1.726114082336425781e+01
1.712249565124511719e+01 1.595536422729492188e+01
1.587008380889892578e+01 1.463661003112792969e+01
1.461125755310058594e+01 1.331027030944824219e+01
1.334963893890380859e+01 1.198071289062500000e+01
1.208982276916503906e+01 1.065208435058593750e+01
1.083718204498291016e+01 9.328393936157226562e+00
9.596016883850097656e+00 8.013946533203125000e+00
8.369297981262207031e+00 6.712443351745605469e+00
7.160667419433593750e+00 5.426705837249755859e+00
5.974540710449218750e+00 4.159638404846191406e+00
4.814022541046142578e+00 2.914361953735351562e+00
3.681096553802490234e+00 1.693209886550903320e+00
2.578108787536621094e+00 4.975125193595886230e-01
1.508269309997558594e+00 -6.710153818130493164e-01
4.734067022800445557e-01 -1.811095118522644043e+00
-5.257771015167236328e-01 -2.921533584594726562e+00
-1.488274216651916504e+00 -4.002656459808349609e+00
-2.412171363830566406e+00 -5.054340362548828125e+00
-3.297114849090576172e+00 -6.076642513275146484e+00
-4.143685817718505859e+00 -7.070146083831787109e+00
-4.952221393585205078e+00 -8.036457061767578125e+00
-5.722123622894287109e+00 -8.976977348327636719e+00
-6.454459667205810547e+00 -9.893207550048828125e+00
-7.151011943817138672e+00 -1.078707313537597656e+01
-7.813243865966796875e+00 -1.166156101226806641e+01
-8.441788673400878906e+00 -1.251926803588867188e+01
-9.038805007934570312e+00 -1.336294746398925781e+01
-9.607095718383789062e+00 -1.419549083709716797e+01
-1.014922904968261719e+01 -1.502100372314453125e+01
-1.066661453247070312e+01 -1.584298610687255859e+01
-1.116244316101074219e+01 -1.666501235961914062e+01
-1.164030933380126953e+01 -1.749075698852539062e+01
-1.210350227355957031e+01 -1.832501029968261719e+01
-1.255414199829101562e+01 -1.917181205749511719e+01
-1.299603652954101562e+01 -2.003512573242187500e+01
-1.343336677551269531e+01 -2.091911888122558594e+01
-1.386973285675048828e+01 -2.182865142822265625e+01
-1.430782985687255859e+01 -2.276801109313964844e+01
-1.475165176391601562e+01 -2.374109649658203125e+01
-1.520570755004882812e+01 -2.475201034545898438e+01
-1.567367267608642578e+01 -2.580541038513183594e+01
-1.615854454040527344e+01 -2.690522193908691406e+01
-1.666428184509277344e+01 -2.805493545532226562e+01
-1.719547462463378906e+01 -2.925812721252441406e+01
-1.775571060180664062e+01 -3.051888275146484375e+01
-1.834786605834960938e+01 -3.184033775329589844e+01
-1.897580718994140625e+01 -3.322512817382812500e+01
-1.964389801025390625e+01 -3.467597961425781250e+01
-2.035535812377929688e+01 -3.619582366943359375e+01
-2.111284446716308594e+01 -3.778678131103515625e+01
-2.191973114013671875e+01 -3.945006942749023438e+01
-2.278000450134277344e+01 -4.118725204467773438e+01
-2.369629478454589844e+01 -4.299961853027343750e+01
-2.467077255249023438e+01 -4.488787078857421875e+01
-2.570618057250976562e+01 -4.685151290893554688e+01
-2.680587005615234375e+01 -4.889044189453125000e+01
-2.797178459167480469e+01 -5.100412750244140625e+01
-2.920526695251464844e+01 -5.319138336181640625e+01
-3.050822639465332031e+01 -5.544970703125000000e+01
-3.188320350646972656e+01 -5.777703094482421875e+01
-3.333090972900390625e+01 -6.017057418823242188e+01
-3.485192489624023438e+01 -6.262714767456054688e+01
-3.644698333740234375e+01 -6.514194488525390625e+01
-3.811736679077148438e+01 -6.771051788330078125e+01
-3.986265945434570312e+01 -7.032791137695312500e+01
-4.168207931518554688e+01 -7.298839569091796875e+01
-4.357511520385742188e+01 -7.568482208251953125e+01
-4.554157257080078125e+01 -7.841027832031250000e+01
-4.757946395874023438e+01 -8.115744018554687500e+01
-4.968653488159179688e+01 -8.391807556152343750e+01
-5.186058807373046875e+01 -8.668257904052734375e+01
-5.409962081909179688e+01 -8.944176483154296875e+01
-5.639996337890625000e+01 -9.218579101562500000e+01
-5.875746536254882812e+01 -9.490420532226562500e+01
-6.116801834106445312e+01 -9.758502197265625000e+01
-6.362776947021484375e+01 -1.002170791625976562e+02
-6.613096618652343750e+01 -1.027884140014648438e+02
-6.867143249511718750e+01 -1.052863311767578125e+02
-7.124299621582031250e+01 -1.076973495483398438e+02
-7.383984375000000000e+01 -1.100083312988281250e+02
-7.645397186279296875e+01 -1.122060699462890625e+02
-7.907712554931640625e+01 -1.142763061523437500e+02
-8.170117950439453125e+01 -1.162045745849609375e+02
-8.431789398193359375e+01 -1.179766311645507812e+02
-8.691744995117187500e+01 -1.195787277221679688e+02
-8.948936462402343750e+01 -1.209963455200195312e+02
-9.202362823486328125e+01 -1.222142639160156250e+02
-9.451013183593750000e+01 -1.232189331054687500e+02
-9.693701171875000000e+01 -1.239964675903320312e+02
-9.929234313964843750e+01 -1.245332031250000000e+02
-1.015644073486328125e+02 -1.248151855468750000e+02
-1.037415771484375000e+02 -1.248297500610351562e+02
-1.058107681274414062e+02 -1.245650863647460938e+02
-1.077587051391601562e+02 -1.240091476440429688e+02
-1.095729751586914062e+02 -1.231505355834960938e+02
-1.112407760620117188e+02 -1.219791946411132812e+02
-1.127487869262695312e+02 -1.204865646362304688e+02
-1.140829696655273438e+02 -1.186633987426757812e+02
-1.152312240600585938e+02 -1.165027770996093750e+02
-1.161805877685546875e+02 -1.139980697631835938e+02
-1.169181518554687500e+02 -1.111452407836914062e+02
-1.174306564331054688e+02 -1.079399719238281250e+02
-1.177070388793945312e+02 -1.043799057006835938e+02
-1.177354202270507812e+02 -1.004637603759765625e+02
-1.175047683715820312e+02 -9.619300842285156250e+01
-1.170034561157226562e+02 -9.156919097900390625e+01
-1.162226104736328125e+02 -8.659542846679687500e+01
-1.151530990600585938e+02 -8.127702331542968750e+01
-1.137862014770507812e+02 -7.562130737304687500e+01
-1.121139526367187500e+02 -6.963632965087890625e+01
-1.101304092407226562e+02 -6.333148956298828125e+01
-1.078305130004882812e+02 -5.671875762939453125e+01
-1.052094955444335938e+02 -4.981174850463867188e+01
-1.022634429931640625e+02 -4.262497329711914062e+01
-9.899121093750000000e+01 -3.517455673217773438e+01
-9.539256286621093750e+01 -2.747818756103515625e+01
-9.146740722656250000e+01 -1.955613327026367188e+01
-8.721730804443359375e+01 -1.142835998535156250e+01
-8.264653015136718750e+01 -3.116660118103027344e+00
-7.776021575927734375e+01 5.355480670928955078e+00
-7.256386566162109375e+01 1.396324253082275391e+01
-6.706515502929687500e+01 2.268141937255859375e+01
-6.127355957031250000e+01 3.148429489135742188e+01
-5.520050048828125000e+01 4.034409713745117188e+01
-4.885715866088867188e+01 4.923268508911132812e+01
-4.225712966918945312e+01 5.812189102172851562e+01
-3.541545104980468750e+01 6.698321533203125000e+01
-2.834911918640136719e+01 7.578718566894531250e+01
-2.107493400573730469e+01 8.450424194335937500e+01
-1.361170864105224609e+01 9.310515594482421875e+01
-5.979597568511962891e+00 1.015614242553710938e+02
1.799754381179809570e+00 1.098436813354492188e+02
9.704943656921386719e+00 1.179233856201171875e+02
1.771307754516601562e+01 1.257729721069335938e+02
2.579987144470214844e+01 1.333658447265625000e+02
3.394057464599609375e+01 1.406754150390625000e+02
4.211049270629882812e+01 1.476763153076171875e+02
5.028434371948242188e+01 1.543449401855468750e+02
5.843537902832031250e+01 1.606588134765625000e+02
6.653742218017578125e+01 1.665966033935546875e+02
7.456451416015625000e+01 1.721379089355468750e+02
8.249057769775390625e+01 1.772651977539062500e+02
9.028879547119140625e+01 1.819622192382812500e+02
9.793338775634765625e+01 1.862143249511718750e+02
1.053993759155273438e+02 1.900084838867187500e+02
1.126617431640625000e+02 1.933336334228515625e+02
1.196963119506835938e+02 1.961822357177734375e+02
1.264789428710937500e+02 1.985464324951171875e+02
1.329882507324218750e+02 2.004217376708984375e+02
1.392024383544921875e+02 2.018052673339843750e+02
1.451010742187500000e+02 2.026973114013671875e+02
1.506647491455078125e+02 2.030984649658203125e+02
1.558765106201171875e+02 2.030120239257812500e+02
1.607200775146484375e+02 2.024441528320312500e+02
1.651805267333984375e+02 2.014017333984375000e+02
1.692441558837890625e+02 1.998948059082031250e+02
1.729006805419921875e+02 1.979334716796875000e+02
1.761398468017578125e+02 1.955307922363281250e+02
1.789536132812500000e+02 1.927021942138671875e+02
1.813354492187500000e+02 1.894629974365234375e+02
1.832813262939453125e+02 1.858302612304687500e+02
1.847893524169921875e+02 1.818235931396484375e+02
1.858573303222656250e+02 1.774630279541015625e+02
1.864867553710937500e+02 1.727695922851562500e+02
1.866808929443359375e+02 1.677648315429687500e+02
1.864441986083984375e+02 1.624723968505859375e+02
1.857820129394531250e+02 1.569160308837890625e+02
1.847029571533203125e+02 1.511197967529296875e+02
1.832163543701171875e+02 1.451079559326171875e+02
1.813334350585937500e+02 1.389061431884765625e+02
1.790657958984375000e+02 1.325394439697265625e+02
1.764277343750000000e+02 1.260330429077148438e+02
1.734344482421875000e+02 1.194116516113281250e+02
1.701019287109375000e+02 1.127006912231445312e+02
1.664472198486328125e+02 1.059249572753906250e+02
1.624884490966796875e+02 9.910815429687500000e+01
1.582454071044921875e+02 9.227399444580078125e+01
1.537371063232421875e+02 8.544539642333984375e+01
1.489843902587890625e+02 7.864511871337890625e+01
1.440077667236328125e+02 7.189399719238281250e+01
1.388290863037109375e+02 6.521250152587890625e+01
1.334699249267578125e+02 5.862041473388671875e+01
1.279515838623046875e+02 5.213636398315429688e+01
1.222964172363281250e+02 4.577724075317382812e+01
1.165258407592773438e+02 3.955939865112304688e+01
1.106619873046875000e+02 3.349784469604492188e+01
1.047255477905273438e+02 2.760662651062011719e+01
9.873799896240234375e+01 2.189817810058593750e+01
9.271985626220703125e+01 1.638338088989257812e+01
8.669099426269531250e+01 1.107267665863037109e+01
8.067105865478515625e+01 5.975114345550537109e+00
7.467842864990234375e+01 1.097797632217407227e+00
6.873163604736328125e+01 -3.553070306777954102e+00
6.284749221801757812e+01 -7.972108364105224609e+00
5.704226684570312500e+01 -1.215521526336669922e+01
5.133136749267578125e+01 -1.610003280639648438e+01
4.572957611083984375e+01 -1.980480003356933594e+01
4.024991989135742188e+01 -2.326892471313476562e+01
3.490522003173828125e+01 -2.649283218383789062e+01
2.970623588562011719e+01 -2.947776985168457031e+01
2.466413307189941406e+01 -3.222657394409179688e+01
1.978760337829589844e+01 -3.474198532104492188e+01
1.508514404296875000e+01 -3.702787780761718750e+01
1.056362056732177734e+01 -3.908915710449218750e+01
6.229760646820068359e+00 -4.093136215209960938e+01
2.088112831115722656e+00 -4.256010055541992188e+01
-1.856905460357666016e+00 -4.398209381103515625e+01
-5.602159500122070312e+00 -4.520419692993164062e+01
-9.145572662353515625e+00 -4.623437118530273438e+01
-1.248545646667480469e+01 -4.707962417602539062e+01
-1.562185859680175781e+01 -4.774872970581054688e+01
-1.855499267578125000e+01 -4.824946594238281250e+01
-2.128580284118652344e+01 -4.859104919433593750e+01
-2.381628227233886719e+01 -4.878149032592773438e+01
-2.614934921264648438e+01 -4.882986068725585938e+01
-2.828802490234375000e+01 -4.874489593505859375e+01
-3.023592376708984375e+01 -4.853531646728515625e+01
-3.199743080139160156e+01 -4.820976257324218750e+01
-3.357796859741210938e+01 -4.777688217163085938e+01
-3.498233795166015625e+01 -4.724500656127929688e+01
-3.621621704101562500e+01 -4.662279129028320312e+01
-3.728578948974609375e+01 -4.591803359985351562e+01
-3.819742584228515625e+01 -4.513859939575195312e+01
-3.895769500732421875e+01 -4.429244613647460938e+01
-3.957291412353515625e+01 -4.338684463500976562e+01
-4.005060958862304688e+01 -4.242872619628906250e+01
-4.039739990234375000e+01 -4.142480087280273438e+01
-4.062058258056640625e+01 -4.038193893432617188e+01
-4.072696304321289062e+01 -3.930602264404296875e+01
-4.072396469116210938e+01 -3.820312881469726562e+01
-4.061841583251953125e+01 -3.707829666137695312e+01
-4.041764068603515625e+01 -3.593705368041992188e+01
-4.012811279296875000e+01 -3.478423690795898438e+01
-3.975669860839843750e+01 -3.362454223632812500e+01
-3.931050491333007812e+01 -3.246159744262695312e+01
-3.879542922973632812e+01 -3.129994773864746094e+01
-3.821818161010742188e+01 -3.014286994934082031e+01
-3.758420181274414062e+01 -2.899363899230957031e+01
-3.690013122558593750e+01 -2.785509490966796875e+01
-3.617111587524414062e+01 -2.673052597045898438e+01
-3.540260696411132812e+01 -2.562164878845214844e+01
-3.459960174560546875e+01 -2.453133964538574219e+01
-3.376721191406250000e+01 -2.346069908142089844e+01
-3.291014480590820312e+01 -2.241229057312011719e+01
-3.203249740600585938e+01 -2.138716316223144531e+01
-3.113841629028320312e+01 -2.038681602478027344e+01
-3.023198318481445312e+01 -1.941206741333007812e+01
-2.931676101684570312e+01 -1.846413230895996094e+01
-2.839605140686035156e+01 -1.754377746582031250e+01
-2.747291183471679688e+01 -1.665155792236328125e+01
-2.655044364929199219e+01 -1.578773880004882812e+01
-2.563132667541503906e+01 -1.495286941528320312e+01
-2.471774291992187500e+01 -1.414738750457763672e+01
-2.381184196472167969e+01 -1.337102890014648438e+01
-2.291631698608398438e+01 -1.262395954132080078e+01
-2.203244209289550781e+01 -1.190582752227783203e+01
-2.116195297241210938e+01 -1.121735477447509766e+01
-2.030626487731933594e+01 -1.055738353729248047e+01
-1.946713638305664062e+01 -9.925921440124511719e+00
-1.864526557922363281e+01 -9.322672843933105469e+00
-1.784185028076171875e+01 -8.747493743896484375e+00
-1.705771255493164062e+01 -8.199523925781250000e+00
-1.629365730285644531e+01 -7.678505420684814453e+00
-1.555051040649414062e+01 -7.183813571929931641e+00
-1.482831859588623047e+01 -6.715079307556152344e+00
-1.412778282165527344e+01 -6.271537780761718750e+00
-1.344932079315185547e+01 -5.852675914764404297e+00
-1.279322052001953125e+01 -5.457867622375488281e+00
-1.215926456451416016e+01 -5.086369991302490234e+00
-1.154785346984863281e+01 -4.737880229949951172e+00
-1.095894527435302734e+01 -4.411002635955810547e+00
-1.039259052276611328e+01 -4.105694770812988281e+00
-9.848457336425781250e+00 -3.821115970611572266e+00
-9.326532363891601562e+00 -3.556514263153076172e+00
-8.826624870300292969e+00 -3.310943126678466797e+00
-8.348606109619140625e+00 -3.083986043930053711e+00
-7.891965389251708984e+00 -2.874958992004394531e+00
-7.456501007080078125e+00 -2.682913541793823242e+00
-7.041762828826904297e+00 -2.507216691970825195e+00
-6.647656917572021484e+00 -2.347125053405761719e+00
-6.273445129394531250e+00 -2.202260017395019531e+00
-5.918879032135009766e+00 -2.071405887603759766e+00
-5.583604812622070312e+00 -1.954086780548095703e+00
-5.267025947570800781e+00 -1.849414825439453125e+00
-4.968595981597900391e+00 -1.757125616073608398e+00
-4.687936782836914062e+00 -1.676056385040283203e+00
-4.424499988555908203e+00 -1.605787158012390137e+00
-4.177742958068847656e+00 -1.545336961746215820e+00
-3.947026491165161133e+00 -1.494607448577880859e+00
-3.731943130493164062e+00 -1.452435493469238281e+00
-3.531883716583251953e+00 -1.418533205986022949e+00
-3.346295356750488281e+00 -1.391909599304199219e+00
-3.174591541290283203e+00 -1.372502326965332031e+00
-3.016115903854370117e+00 -1.359340786933898926e+00
-2.870578050613403320e+00 -1.352022409439086914e+00
-2.737078189849853516e+00 -1.349925398826599121e+00
-2.615196466445922852e+00 -1.352664470672607422e+00
-2.504329681396484375e+00 -1.359638333320617676e+00
-2.404068708419799805e+00 -1.370288610458374023e+00
-2.313596010208129883e+00 -1.384456992149353027e+00
-2.232415676116943359e+00 -1.401451587677001953e+00
-2.160045623779296875e+00 -1.421083807945251465e+00
-2.095960855484008789e+00 -1.442739725112915039e+00
-2.039683103561401367e+00 -1.466343402862548828e+00
-1.990551710128784180e+00 -1.491405487060546875e+00
-1.948092818260192871e+00 -1.517730832099914551e+00
-1.911996364593505859e+00 -1.544860839843750000e+00
-1.881675720214843750e+00 -1.572740912437438965e+00
-1.856618881225585938e+00 -1.601036071777343750e+00
-1.836377501487731934e+00 -1.629578471183776855e+00
-1.820691108703613281e+00 -1.658039093017578125e+00
-1.809018015861511230e+00 -1.686448812484741211e+00
-1.800964951515197754e+00 -1.714478492736816406e+00
-1.796174764633178711e+00 -1.742145538330078125e+00
-1.794401407241821289e+00 -1.769224166870117188e+00
-1.795209407806396484e+00 -1.795710325241088867e+00
-1.798297882080078125e+00 -1.821491003036499023e+00
-1.803460836410522461e+00 -1.846496939659118652e+00
-1.810372352600097656e+00 -1.870570659637451172e+00
-1.818831920623779297e+00 -1.893871784210205078e+00
-1.828467845916748047e+00 -1.916198492050170898e+00
-1.839223742485046387e+00 -1.937674522399902344e+00
-1.850855350494384766e+00 -1.958024978637695312e+00
-1.863116979598999023e+00 -1.977587819099426270e+00
-1.875909566879272461e+00 -1.996040463447570801e+00
-1.889041304588317871e+00 -2.013705730438232422e+00
-1.902531027793884277e+00 -2.030231952667236328e+00
-1.915993928909301758e+00 -2.046032905578613281e+00
-1.929450631141662598e+00 -2.060802221298217773e+00
-1.942939639091491699e+00 -2.074803113937377930e+00
-1.956275463104248047e+00 -2.087808609008789062e+00
-1.969441890716552734e+00 -2.100030660629272461e+00
-1.982228398323059082e+00 -2.111508846282958984e+00
-1.994778871536254883e+00 -2.122174263000488281e+00
-2.006962060928344727e+00 -2.132045030593872070e+00
-2.018770694732666016e+00 -2.141228437423706055e+00
-2.030174493789672852e+00 -2.149787902832031250e+00
-2.041152954101562500e+00 -2.157589912414550781e+00
-2.051679372787475586e+00 -2.164799451828002930e+00
-2.061678647994995117e+00 -2.171352863311767578e+00
-2.071253299713134766e+00 -2.177430391311645508e+00
-2.080398082733154297e+00 -2.182809114456176758e+00
-2.089047193527221680e+00 -2.187639474868774414e+00
-2.097212553024291992e+00 -2.191910266876220703e+00
-2.104856967926025391e+00 -2.195672512054443359e+00
-2.112101078033447266e+00 -2.198916912078857422e+00
-2.118906259536743164e+00 -2.201617717742919922e+00
-2.125244140625000000e+00 -2.203814983367919922e+00
-2.131181478500366211e+00 -2.205619573593139648e+00
-2.136726617813110352e+00 -2.206941366195678711e+00
-2.141846656799316406e+00 -2.207764148712158203e+00
-2.146523952484130859e+00 -2.208157777786254883e+00
-2.150842666625976562e+00 -2.208242654800415039e+00
-2.154819965362548828e+00 -2.207819223403930664e+00
-2.158343553543090820e+00 -2.207000494003295898e+00
-2.161424636840820312e+00 -2.205714464187622070e+00
-2.164165258407592773e+00 -2.204181909561157227e+00
-2.166575670242309570e+00 -2.202084302902221680e+00
-2.168539285659790039e+00 -2.199657440185546875e+00
-2.170097351074218750e+00 -2.196723461151123047e+00
-2.171283245086669922e+00 -2.193677425384521484e+00
-2.172251939773559570e+00 -2.190078020095825195e+00
-2.172765016555786133e+00 -2.186187744140625000e+00
-2.172951221466064453e+00 -2.181845903396606445e+00
-2.172766447067260742e+00 -2.177450180053710938e+00
-2.172356843948364258e+00 -2.172472000122070312e+00
-2.171634435653686523e+00 -2.167303085327148438e+00
-2.170404434204101562e+00 -2.161723613739013672e+00
-2.168921470642089844e+00 -2.156057119369506836e+00
-2.167152404785156250e+00 -2.149969339370727539e+00
-2.165014743804931641e+00 -2.143537044525146484e+00
-2.162451505661010742e+00 -2.136924266815185547e+00
-2.159650564193725586e+00 -2.130153894424438477e+00
-2.156514167785644531e+00 -2.123116254806518555e+00
-2.153080701828002930e+00 -2.115689516067504883e+00
-2.149185419082641602e+00 -2.108195066452026367e+00
-2.145166158676147461e+00 -2.100535392761230469e+00
-2.140883922576904297e+00 -2.092714548110961914e+00
-2.136255741119384766e+00 -2.084513902664184570e+00
-2.131243228912353516e+00 -2.076270341873168945e+00
-2.126095533370971680e+00 -2.067904233932495117e+00
-2.120746612548828125e+00 -2.059423923492431641e+00
-2.115061759948730469e+00 -2.050609350204467773e+00
-2.109062910079956055e+00 -2.041720390319824219e+00
-2.102908134460449219e+00 -2.032780408859252930e+00
-2.096616029739379883e+00 -2.023831129074096680e+00
-2.090034484863281250e+00 -2.014519453048706055e+00
-2.083164691925048828e+00 -2.005228519439697266e+00
-2.076204776763916016e+00 -1.995885252952575684e+00
-2.069112062454223633e+00 -1.986527800559997559e+00
-2.061734676361083984e+00 -1.976894855499267578e+00
-2.054159641265869141e+00 -1.967271566390991211e+00
-2.046480655670166016e+00 -1.957591891288757324e+00
-2.038722038269042969e+00 -1.947972893714904785e+00
-2.030679464340209961e+00 -1.938098788261413574e+00
-2.022488832473754883e+00 -1.928242206573486328e+00
-2.014244556427001953e+00 -1.918321371078491211e+00
-2.005949020385742188e+00 -1.908442974090576172e+00
-1.997414946556091309e+00 -1.898422837257385254e+00
-1.988742947578430176e+00 -1.888438463211059570e+00
-1.980087041854858398e+00 -1.878421068191528320e+00
-1.971405029296875000e+00 -1.868392705917358398e+00
-1.962473750114440918e+00 -1.858232736587524414e+00
-1.953484177589416504e+00 -1.848126053810119629e+00
-1.944476246833801270e+00 -1.838049888610839844e+00
-1.935498714447021484e+00 -1.827857732772827148e+00
-1.926265597343444824e+00 -1.817601084709167480e+00
-1.916911005973815918e+00 -1.807349920272827148e+00
-1.907626748085021973e+00 -1.797214031219482422e+00
-1.898390889167785645e+00 -1.786991477012634277e+00
-1.888928890228271484e+00 -1.776679039001464844e+00
-1.879311084747314453e+00 -1.766426086425781250e+00
-1.869827151298522949e+00 -1.756250023841857910e+00
-1.860430955886840820e+00 -1.746037364006042480e+00
-1.850801706314086914e+00 -1.735749959945678711e+00
-1.841094732284545898e+00 -1.725496053695678711e+00
-1.831549406051635742e+00 -1.715381741523742676e+00
-1.821976304054260254e+00 -1.705182790756225586e+00
-1.812287926673889160e+00 -1.694936752319335938e+00
-1.802465915679931641e+00 -1.684674382209777832e+00
-1.792807340621948242e+00 -1.674584746360778809e+00
-1.783159732818603516e+00 -1.664455771446228027e+00
-1.773328065872192383e+00 -1.654250979423522949e+00
-1.763408899307250977e+00 -1.644074678421020508e+00
-1.753632664680480957e+00 -1.634055376052856445e+00
-1.743919253349304199e+00 -1.624001979827880859e+00
-1.734049201011657715e+00 -1.613893628120422363e+00
-1.724088549613952637e+00 -1.603832244873046875e+00
-1.714348793029785156e+00 -1.593927741050720215e+00
-1.704665899276733398e+00 -1.584015965461730957e+00
-1.694823861122131348e+00 -1.574077367782592773e+00
-1.684921979904174805e+00 -1.564175367355346680e+00
-1.675210714340209961e+00 -1.554409861564636230e+00
-1.665575265884399414e+00 -1.544631838798522949e+00
-1.655810713768005371e+00 -1.534844040870666504e+00
-1.645957231521606445e+00 -1.525085926055908203e+00
-1.636294960975646973e+00 -1.515486478805541992e+00
-1.626682281494140625e+00 -1.505868315696716309e+00
-1.616907119750976562e+00 -1.496206879615783691e+00
-1.607149600982666016e+00 -1.486642837524414062e+00
-1.597535371780395508e+00 -1.477217912673950195e+00
-1.588065028190612793e+00 -1.467810869216918945e+00
-1.578362107276916504e+00 -1.458394289016723633e+00
-1.568739891052246094e+00 -1.449058532714843750e+00
-1.559300780296325684e+00 -1.439882159233093262e+00
-1.549927234649658203e+00 -1.430678606033325195e+00
-1.540417671203613281e+00 -1.421523571014404297e+00
-1.530902504920959473e+00 -1.412382960319519043e+00
-1.521616220474243164e+00 -1.403405189514160156e+00
-1.512378096580505371e+00 -1.394406557083129883e+00
-1.503015041351318359e+00 -1.385421037673950195e+00
-1.493649244308471680e+00 -1.376462459564208984e+00
-1.484527707099914551e+00 -1.367661952972412109e+00
-1.475459098815917969e+00 -1.358887553215026855e+00
-1.466291785240173340e+00 -1.350116610527038574e+00
-1.457097768783569336e+00 -1.341434240341186523e+00
-1.448207616806030273e+00 -1.332921504974365234e+00
-1.439309835433959961e+00 -1.324376821517944336e+00
-1.430298924446105957e+00 -1.315864205360412598e+00
-1.421286106109619141e+00 -1.307468533515930176e+00
-1.412571549415588379e+00 -1.299128293991088867e+00
-1.403876900672912598e+00 -1.290831685066223145e+00
-1.395020246505737305e+00 -1.282472014427185059e+00
-1.386202454566955566e+00 -1.274264812469482422e+00
-1.377684712409973145e+00 -1.266161561012268066e+00
-1.369222402572631836e+00 -1.258100390434265137e+00
-1.360599994659423828e+00 -1.249979972839355469e+00
-1.352014660835266113e+00 -1.242020130157470703e+00
-1.343729257583618164e+00 -1.234158635139465332e+00
-1.335488557815551758e+00 -1.226369142532348633e+00
-1.327082633972167969e+00 -1.218519806861877441e+00
-1.318717956542968750e+00 -1.210776925086975098e+00
-1.310623049736022949e+00 -1.203134894371032715e+00
-1.302583932876586914e+00 -1.195547103881835938e+00
-1.294333338737487793e+00 -1.187877535820007324e+00
-1.286176562309265137e+00 -1.180328965187072754e+00
-1.278277635574340820e+00 -1.172878623008728027e+00
-1.270452857017517090e+00 -1.165518760681152344e+00
-1.262387752532958984e+00 -1.158084273338317871e+00
-1.254455208778381348e+00 -1.150781154632568359e+00
-1.246792316436767578e+00 -1.143573403358459473e+00
-1.239194989204406738e+00 -1.136463284492492676e+00
-1.231336712837219238e+00 -1.129295349121093750e+00
-1.223623991012573242e+00 -1.122249603271484375e+00
-1.216174244880676270e+00 -1.115261316299438477e+00
-1.208756446838378906e+00 -1.108307480812072754e+00
-1.201112270355224609e+00 -1.101380825042724609e+00
-1.193583726882934570e+00 -1.094501495361328125e+00
-1.186372160911560059e+00 -1.087728738784790039e+00
-1.179173946380615234e+00 -1.080978035926818848e+00
-1.171716570854187012e+00 -1.074249029159545898e+00
-1.164417982101440430e+00 -1.067577123641967773e+00
-1.157427906990051270e+00 -1.061022758483886719e+00
-1.150449275970458984e+00 -1.054483294486999512e+00
-1.143185257911682129e+00 -1.047970175743103027e+00
-1.136074066162109375e+00 -1.041512608528137207e+00
-1.129257917404174805e+00 -1.035178303718566895e+00
-1.122475862503051758e+00 -1.028829097747802734e+00
-1.115423440933227539e+00 -1.022526502609252930e+00
-1.108509659767150879e+00 -1.016262173652648926e+00
-1.101928710937500000e+00 -1.010133028030395508e+00
-1.095307707786560059e+00 -1.004042625427246094e+00
-1.088515162467956543e+00 -9.979459643363952637e-01
-1.081811904907226562e+00 -9.918862581253051758e-01
-1.075485587120056152e+00 -9.859839677810668945e-01
-1.069092035293579102e+00 -9.800812005996704102e-01
-1.062488198280334473e+00 -9.741528630256652832e-01
-1.055970072746276855e+00 -9.682782888412475586e-01
-1.049810528755187988e+00 -9.625190496444702148e-01
-1.043570399284362793e+00 -9.568014144897460938e-01
-1.037137031555175781e+00 -9.510634541511535645e-01
-1.030787944793701172e+00 -9.453548789024353027e-01
-1.024813294410705566e+00 -9.398097991943359375e-01
-1.018750786781311035e+00 -9.342688918113708496e-01
-1.012481331825256348e+00 -9.287392497062683105e-01
-1.006378769874572754e+00 -9.232169389724731445e-01
-1.000646352767944336e+00 -9.178177118301391602e-01
-9.947795867919921875e-01 -9.124825596809387207e-01
-9.887143969535827637e-01 -9.070776700973510742e-01
-9.828187227249145508e-01 -9.017085433006286621e-01
-9.772784709930419922e-01 -8.964583873748779297e-01
-9.716036915779113770e-01 -8.912602663040161133e-01
-9.656538963317871094e-01 -8.860245347023010254e-01
-9.598850011825561523e-01 -8.808258175849914551e-01
-9.544948935508728027e-01 -8.757483959197998047e-01
-9.489690065383911133e-01 -8.707880377769470215e-01
-9.431775808334350586e-01 -8.657341003417968750e-01
-9.375368356704711914e-01 -8.607330918312072754e-01
-9.322824478149414062e-01 -8.558305501937866211e-01
-9.269550442695617676e-01 -8.509892821311950684e-01
-9.213660359382629395e-01 -8.460691571235656738e-01
-9.159510135650634766e-01 -8.411707878112792969e-01
-9.108483791351318359e-01 -8.363815546035766602e-01
-9.056656956672668457e-01 -8.316390514373779297e-01
-9.002622365951538086e-01 -8.268640637397766113e-01
-8.950208425521850586e-01 -8.220830559730529785e-01
-8.900848031044006348e-01 -8.174451589584350586e-01
-8.850478529930114746e-01 -8.129099011421203613e-01
-8.797426819801330566e-01 -8.083110451698303223e-01
-8.746917843818664551e-01 -8.037334680557250977e-01
-8.699083328247070312e-01 -7.992829084396362305e-01
-8.650112152099609375e-01 -7.948722243309020996e-01
-8.598766326904296875e-01 -7.904106378555297852e-01
-8.549677729606628418e-01 -7.859493494033813477e-01
-8.503330945968627930e-01 -7.816099524497985840e-01
-8.455811738967895508e-01 -7.772981524467468262e-01
-8.405764102935791016e-01 -7.729471921920776367e-01
-8.358348608016967773e-01 -7.685769796371459961e-01
-8.313242197036743164e-01 -7.643985152244567871e-01
-8.267040252685546875e-01 -7.602383494377136230e-01
-8.218561410903930664e-01 -7.560585141181945801e-01
-8.172471523284912109e-01 -7.518475055694580078e-01
-8.128945231437683105e-01 -7.477996945381164551e-01
-8.083491325378417969e-01 -7.437682151794433594e-01
-8.036371469497680664e-01 -7.396606802940368652e-01
-7.991576194763183594e-01 -7.355401515960693359e-01
-7.949154973030090332e-01 -7.315804958343505859e-01
-7.905040383338928223e-01 -7.276142239570617676e-01
-7.858742475509643555e-01 -7.235868573188781738e-01
-7.815359830856323242e-01 -7.195808291435241699e-01
-7.774201631546020508e-01 -7.157278656959533691e-01
-7.731173634529113770e-01 -7.119320034980773926e-01
-7.686559557914733887e-01 -7.080306410789489746e-01
-7.644373178482055664e-01 -7.041786909103393555e-01
-7.604470252990722656e-01 -7.004609704017639160e-01
-7.562622427940368652e-01 -6.967719793319702148e-01
-7.519086599349975586e-01 -6.929609179496765137e-01
-7.477921843528747559e-01 -6.891694068908691406e-01
-7.438961863517761230e-01 -6.855114698410034180e-01
-7.397769689559936523e-01 -6.819152832031250000e-01
-7.355167269706726074e-01 -6.781562566757202148e-01
-7.315132617950439453e-01 -6.744731068611145020e-01
-7.277457714080810547e-01 -6.709098815917968750e-01
-7.237271070480346680e-01 -6.674258112907409668e-01
-7.195888757705688477e-01 -6.637599468231201172e-01
-7.156881093978881836e-01 -6.601784825325012207e-01
-7.120253443717956543e-01 -6.566818356513977051e-01
-7.080717086791992188e-01 -6.532451510429382324e-01
-7.039948701858520508e-01 -6.496239304542541504e-01
-7.001563310623168945e-01 -6.460788249969482422e-01
-6.965066194534301758e-01 -6.426533460617065430e-01
-6.926363110542297363e-01 -6.392497420310974121e-01
-6.886038184165954590e-01 -6.357221007347106934e-01
-6.848536729812622070e-01 -6.322296857833862305e-01
-6.812784075736999512e-01 -6.289101243019104004e-01
-6.774801015853881836e-01 -6.255759000778198242e-01
-6.735137701034545898e-01 -6.221020817756652832e-01
-6.698483228683471680e-01 -6.186562776565551758e-01
-6.663157343864440918e-01 -6.153483390808105469e-01
-6.625324487686157227e-01 -6.119962930679321289e-01
-6.585822701454162598e-01 -6.084992885589599609e-01
-6.549130082130432129e-01 -6.050095558166503906e-01
-6.513737440109252930e-01 -6.016910672187805176e-01
-6.475825905799865723e-01 -5.983415842056274414e-01
-6.436299681663513184e-01 -5.948541164398193359e-01
-6.399899721145629883e-01 -5.913902521133422852e-01
-6.364583969116210938e-01 -5.881120562553405762e-01
-6.326704621315002441e-01 -5.847919583320617676e-01
-6.287441253662109375e-01 -5.812931060791015625e-01
-6.250759959220886230e-01 -5.777999162673950195e-01
-6.215144991874694824e-01 -5.744341015815734863e-01
-6.176365613937377930e-01 -5.709952712059020996e-01
-6.136472821235656738e-01 -5.673655867576599121e-01
-6.098720431327819824e-01 -5.637053847312927246e-01
-6.062025427818298340e-01 -5.602017045021057129e-01
-6.022183299064636230e-01 -5.566515922546386719e-01
-5.981136560440063477e-01 -5.529272556304931641e-01
-5.942510366439819336e-01 -5.491822957992553711e-01
-5.904812812805175781e-01 -5.456211566925048828e-01
-5.863917469978332520e-01 -5.419741272926330566e-01
-5.821835398674011230e-01 -5.381519198417663574e-01
-5.781713128089904785e-01 -5.342918634414672852e-01
-5.742267966270446777e-01 -5.305264592170715332e-01
-5.699346065521240234e-01 -5.266680121421813965e-01
-5.654745101928710938e-01 -5.225815773010253906e-01
-5.612432360649108887e-01 -5.184438824653625488e-01
-5.570469498634338379e-01 -5.144057273864746094e-01
-5.525293946266174316e-01 -5.102213025093078613e-01
-5.478309988975524902e-01 -5.058508515357971191e-01
-5.433580875396728516e-01 -5.014283657073974609e-01
-5.388938188552856445e-01 -4.971240460872650146e-01
-5.341135263442993164e-01 -4.926829040050506592e-01
-5.291584730148315430e-01 -4.880384802818298340e-01
-5.243846774101257324e-01 -4.833261072635650635e-01
-5.196136236190795898e-01 -4.787210226058959961e-01
-5.144892930984497070e-01 -4.739161133766174316e-01
-5.091788768768310547e-01 -4.688924252986907959e-01
-5.040419697761535645e-01 -4.638139903545379639e-01
-4.988739192485809326e-01 -4.588432908058166504e-01
-4.933709502220153809e-01 -4.536588490009307861e-01
-4.877103567123413086e-01 -4.482392072677612305e-01
-4.821992218494415283e-01 -4.427835941314697266e-01
-4.766959249973297119e-01 -4.374229907989501953e-01
-4.708164334297180176e-01 -4.319087266921997070e-01
-4.648068547248840332e-01 -4.260984063148498535e-01
-4.589489996433258057e-01 -4.202586114406585693e-01
-4.530303180217742920e-01 -4.145090281963348389e-01
-4.467975497245788574e-01 -4.086378514766693115e-01
-4.404402673244476318e-01 -4.024412930011749268e-01
-4.342260658740997314e-01 -3.962641954421997070e-01
-4.279922246932983398e-01 -3.901742696762084961e-01
-4.214249253273010254e-01 -3.839792609214782715e-01
-4.148031473159790039e-01 -3.775010108947753906e-01
-4.083731174468994141e-01 -3.710825741291046143e-01
-4.019160866737365723e-01 -3.647561073303222656e-01
-3.951644003391265869e-01 -3.583440184593200684e-01
-3.883654475212097168e-01 -3.516888022422790527e-01
-3.818056881427764893e-01 -3.451157808303833008e-01
-3.752212226390838623e-01 -3.386850953102111816e-01
-3.683687448501586914e-01 -3.322075307369232178e-01
-3.615276515483856201e-01 -3.255450725555419922e-01
-3.549672067165374756e-01 -3.190033435821533203e-01
-3.484455347061157227e-01 -3.126838803291320801e-01
-3.417248725891113281e-01 -3.063976466655731201e-01
-3.350597321987152100e-01 -2.999542653560638428e-01
-3.288061320781707764e-01 -2.937246263027191162e-01
-3.226472437381744385e-01 -2.877543866634368896e-01
-3.163625597953796387e-01 -2.818931341171264648e-01
-3.102133572101593018e-01 -2.759771347045898438e-01
-3.045054376125335693e-01 -2.702789008617401123e-01
-2.989886403083801270e-01 -2.649749517440795898e-01
-2.933863997459411621e-01 -2.598223686218261719e-01
-2.880068421363830566e-01 -2.547311484813690186e-01
-2.831367850303649902e-01 -2.499727606773376465e-01
-2.785213291645050049e-01 -2.456987202167510986e-01
